0,1,2,3,4,5,6,7,8,9,10,11,12,13,14,15,16,17,18,19,20,21,22,23,24,25,26,27,28,29,30,31,32,33,34,35,36,37,38,39,40,41,42,43,44,45,46,47,48,49,50,51,52,53,54,55,56,57,58,59,60
4.8994907545360835,2.2515896690584047,6.4723202612657795,3.117147276314276,3.5025121593470265,0.05190268549856945,-0.08736307334566427,0.18653008627219966,-0.6193612140533153,4.600072382130668,0.20321282744014144,-0.8305001531097977,-0.34043633448380983,-1.3402729035131045,-0.29140527080837664,-1.4982700252388264,-0.17401539622652518,-0.597217387257484,1.2463022574377765,2.9241529562941664,2.09556857145962,2.796846494597798,1.3264446734660993,1.8086804769999412,-0.821702089272545,4.322602140002854,4.075044312152223,1.1109582916006324,1.265810360044129,0.7544989234997461,1.061568626584293,0.6697282734527024,0.26977630920624157,1.1847956508723143,5.595551237484308,6.657559257706584,6.287568782554651,4.280351318298947,1.1597083159526271,2.586862756531427,-0.7169302046627669,-0.2606641379945842,-0.6108470896514898,-0.7001207770796259,-0.5419110941241451,-0.618830769341951,-0.5715828896171937,-0.30922164002880625,-1.0100929601869082,1.8995212517197722,-0.5323774114431719,-0.4155501154944509,-0.5320364192918151,-0.18721591915194302,-1.087747100840505,-0.5450104982026964,-0.7327483976921951,0.9155905233725533,0.6222772114601935,0.6761421707993305,-0.9851235973307942
2.2515896690584047,3.175852602229011,1.8414208878630276,-0.9583200014966042,2.375093297489433,0.14507584787299865,-0.24709059947529,0.2212772629411247,-0.5582310448577761,-0.4935425770171951,0.29144038523252686,-0.5879953052402009,-0.1313707423215758,-0.8076305727189136,-0.06447454637779314,-0.3705373517584757,-0.1340334811607778,-0.386967163813038,-2.1592959269600867,1.2242324514472565,1.9285347457129294,0.8958208019465037,2.3457492181414508,1.1537786852096543,1.1229336321337209,0.6903928020923032,1.9982579842856012,0.19423466997403172,1.1796794499347076,-0.40375487426908485,1.6182712178023198,-0.5602047954333021,0.4021651475845235,0.689246197160177,1.813055900080716,1.03185323653331,2.612402371088411,-2.342171807220139,0.8403390661088851,1.5863898971850818,-1.1185935827057594,-0.665610184248749,-0.9192827563982631,-0.7218419520961243,-0.3572664541062097,-0.7330368381401716,-0.3185030398962115,-1.0239482586387114,-0.52722741354722,-1.3741734970145445,-0.6839509281863531,-0.8158430918184977,-0.4794245594672835,0.42242355558590067,0.10149522898022344,-0.6571632827394859,-0.5862549297157261,-0.379046466820577,-1.2896094953128299,-2.360806191385925,-1.248488542007617
6.4723202612657795,1.8414208878630276,18.01042985876707,10.342401681195343,4.364696449519889,0.09913332077044582,0.15929055448120447,-0.667936218133537,-0.33007183004508966,5.142782788491561,0.8519659127895032,-0.9985769072728106,-0.9138164106020756,-0.8671361678277704,-0.8649214504266998,-1.0282123233922988,-0.36585175485356225,-1.2771677198852849,2.5912131265568608,4.455655242830132,1.717414230378497,5.167341714752585,-1.5898664939571863,2.4342939155302417,-7.189872981551567,8.643429863736415,9.397238547059814,2.1234522689292565,1.3093860098737196,2.5257820141895295,0.677836143032655,2.9662775272077275,-1.438450769977998,1.471541225807984,10.842030517368514,13.938046423156585,10.979046726118307,8.51160928280339,2.345679041742139,3.239382935289857,-2.2501307034561377,-1.6072393209781024,-2.0813828020508565,-1.8326211180871679,-1.5982942428513698,-1.333573758263032,-1.403947148479041,-0.3145130106618019,-1.8917762812856123,2.56859510114966,-1.1461366487020708,-1.5875779930412204,-1.432311942305253,2.289858761073899,-1.3025939620041154,-1.8190910105838034,-1.5356320467536044,-0.3935381446904729,0.6819586779908041,-0.8165214166564829,-1.434622053861538
3.117147276314276,-0.9583200014966042,10.342401681195343,51.08627735674116,1.847772550938405,-1.4704285809425612,1.9708863252945237,-4.277318299436513,2.6462632485728657,4.560871545606974,2.0112281675143597,0.32280888664601215,-0.4644617928759272,0.4852143835327734,-0.4965227358153567,2.3697418797257934,2.882013094061487,-0.006677796336765056,2.0669900086512163,2.0466431059427084,-2.6405078210092747,2.51220425497729,-9.891261915077116,1.3972800760944442,-14.23085921800655,12.028389804186984,33.99597649371659,1.224349655176564,-2.5089982197340817,3.1051582503628383,-5.212684214880239,4.435291259685184,1.1454693885387304,-0.43690331749436223,6.811952903911175,24.907235844816068,10.205006982973824,14.78797294565859,7.735393749592379,0.6056986213553381,3.4241952429287403,4.152706189351127,4.242998392654534,-0.3327024883438642,-0.064645624113876,-0.38312550312004523,0.05909264372287908,-0.6814941035261792,1.070841769729704,3.2095173392737295,1.8963403155640188,0.8766984498614593,2.2845196737749536,-1.155958741559717,1.9129977342988584,1.0239568879954717,0.26714850499196946,0.5691894920522067,11.481328478436888,6.518295358201254,2.494139238356973
3.5025121593470265,2.375093297489433,4.364696449519889,1.847772550938405,3.071881141839032,0.17290447732231837,-0.3124401425560208,0.25972591991074645,-0.9326754994106808,1.6909904474961832,0.48790136603848044,-0.856374503454178,-0.2418283907607912,-1.2391828835414045,-0.12569802994726448,-0.7947648808482101,-0.33943478884879413,-0.5760522215294299,0.05236854857742165,2.1251731649831895,2.2144186448514893,1.7696978652670194,1.9342668206978928,1.3467703063191632,0.48783131285333237,2.3316032330060525,2.6172650446258285,0.6458999286067985,1.4026966422430738,0.11619373496130166,1.669490492679201,-0.5145021415313112,0.39666861256445557,1.035111842751117,4.12553599242178,4.8478972479769205,4.71663713496435,2.101773106793043,1.2176220455431195,2.1905788889896183,-1.4358629401679588,-0.9091907193987571,-1.2172879627861668,-0.9517829000341113,-0.6117383072649959,-0.9069573969646625,-0.5277238159788085,-0.7330005399859613,-0.8273186842272021,0.23277893141025818,-0.5211596274390969,-0.9419130911774045,-0.7939206583937234,0.5408751935898057,-0.20605945498815018,-0.946331686752134,-0.820390025786352,0.7106735465641137,0.5244471288067846,-0.9267454028824975,-0.8661277125128849
0.05190268549856945,0.14507584787299865,0.09913332077044582,-1.4704285809425612,0.17290447732231837,1.2466185713673277,-0.7940888007838495,2.9078287162834338,-1.1411467716730557,-0.07813478963013049,0.29906167572136627,-0.48505463139267646,0.13237844567537269,-0.8842876071259361,0.09365084599378891,1.3208534020995848,-1.4341095266605404,-0.15245623242601652,0.6686910204720566,0.15413499732002856,0.566402180520794,0.3672005397388319,0.9236998736564347,-0.7048938306828022,0.17693210282920308,-1.0011768219922357,-1.831548272305086,-0.1415425962685988,0.5049707532578526,-0.3862827837911807,0.7904208840753644,-1.0808054175254238,0.1564640895827839,0.152857580073579,-0.1524101085769363,0.3048780898527141,0.6311737390012393,2.4174908804449644,1.6265900237379742,0.2834287390541878,-0.1085435878793345,0.40997081610306374,0.07511064833632627,-0.23949020365998414,0.06790125277901493,-0.5677914954265869,0.14079678767681975,-0.8381230501371277,-0.04362515853149526,0.13416697895825255,0.5253982677921205,0.05874752140454453,0.2527587571852053,-0.8704827359071764,-1.3668070757328912,0.10535045801573652,-0.07273407132428979,0.07838127337037816,-0.5950107004576587,-0.41944868861194073,-0.5819949649797382
-0.08736307334566427,-0.24709059947529,0.15929055448120447,1.9708863252945237,-0.3124401425560208,-0.7940888007838495,0.8660354017283658,-1.7934303489225163,1.4367002334288619,0.16014343793135646,-0.6805100093480051,0.479585336036113,-0.29033402557294347,0.639535580567944,-0.48566359951927185,-0.6396028910818644,1.4452565638250574,0.14889724405327304,-0.1281362594582698,-0.03669864907272965,-0.8835142330931397,0.1812615388229697,-1.5707902271671463,0.33845064887239057,-1.360091385383346,1.2551656207482558,2.2239411364047745,0.24365687789231233,-0.7620677046960418,0.5326662948188857,-1.3861069483235897,1.2290240178833731,-0.32478548384171285,-0.22004893906118006,-0.18686992058897037,-0.06354186742773493,-0.6141937848936546,-1.089835522129916,-1.1713513115741647,-0.3402888619200172,0.47837763361914926,0.0012376037182528132,0.25377312323372764,0.35429928749409534,-0.153534909365625,0.5294050102476087,-0.35115730444769006,0.554876030115469,-0.27325331254771,0.2967797757285868,-0.6084787513821404,0.26556043905705073,-0.13285399883742968,-0.6320010653846613,0.9232861428534235,0.10853743338894699,0.10373505199884513,-0.3643380891219331,0.9733888507305661,0.6330131088715781,0.056965570924894945
0.18653008627219966,0.2212772629411247,-0.667936218133537,-4.277318299436513,0.25972591991074645,2.9078287162834338,-1.7934303489225163,8.68757383562913,-1.9309623645009697,1.073799507400787,0.05203971476134005,-1.39833555160366,0.0815571692551143,-2.761085699318585,-0.3204646766502783,4.373127297205708,-2.912595862579027,-0.47550548704584994,2.3180624427912937,0.6195183826613809,1.1921228685553829,1.1311334216221147,1.9720567025333113,-1.3809240221854588,0.29049105856654045,-2.7527944918450826,-4.385220226028593,0.031272987558211035,1.056435254828528,-0.5494418784110633,1.6885465063372695,-2.9766681846342853,-0.19388350490498618,0.5633265078132703,-0.278227677207927,0.5286488233872828,1.4647707377781354,6.359448601681968,3.662212551027438,0.730166962468044,-0.06325611215828393,1.0882821165811063,0.3888431217538728,-0.6559700608948545,0.029719021895159025,-1.3590597148295076,0.07312163995262785,-1.7205379984358706,-0.51012767770601,1.094018676891182,0.670178805803186,0.1237250436731642,0.5090983078158267,-1.5911582785283747,-2.6493453370130977,0.2512304683162352,-0.3512961204999426,1.4954622092716594,-2.5421879122672775,0.07380537000027952,-1.755685351258781
-0.6193612140533153,-0.5582310448577761,-0.33007183004508966,2.6462632485728657,-0.9326754994106808,-1.1411467716730557,1.4367002334288619,-1.9309623645009697,3.310889165277751,0.15962032074811822,-1.0058422307208068,0.7703262254171456,-0.5686315761457568,0.8196776801547082,-1.0960874469858481,0.5055268073713145,2.6475620138329283,0.2647625871368089,0.4083412497955034,-0.2098066156448592,-1.4340090632847802,0.41480315748569185,-2.0436903450180837,0.3965335181842644,-1.2395564483363357,0.7424008461036945,2.866804855736072,0.5072306005880014,-1.4175263904360318,1.1070653331084679,-2.4568545572263454,1.7893458329861436,0.02294045182383236,-0.3621099971454901,-1.0300999371344177,-0.6384192500311877,-1.2189230263738937,-1.7405920879059538,-1.0775429570742978,-0.7289496654387024,0.7984920659360807,0.24995107984851292,0.5931732505896208,0.7196401595544812,-0.1839109803026799,0.9863644119922171,-0.5815030328930613,0.8594873779691429,-0.4301666500750072,0.02796141746754749,-0.4501444895102168,0.5267505205496988,0.01685541598248137,-0.6415007167072194,1.2549232313448775,0.32441503066645566,0.29294353857426153,-0.41184619659113364,1.3800127972147782,1.639092942798813,0.18201204223201142
4.600072382130668,-0.4935425770171951,5.142782788491561,4.560871545606974,1.6909904474961832,-0.07813478963013049,0.16014343793135646,1.073799507400787,0.15962032074811822,19.42511752088762,2.102538580976649,-0.3091792074023252,0.8872649706597324,-1.6369554378692284,1.5737389613056119,-6.182260754147826,-0.025264383127635487,0.5520147057907412,8.163855471445165,2.4248239146788912,0.5835674944983078,2.780348696615546,0.32516990346081176,3.521071726199424,0.7310319507059061,6.448313041943512,5.814186267183938,0.809912073188554,-0.025776420650451517,1.7392617967087052,-1.4602979594002292,4.938294677572221,3.985059581670727,0.5668545282188732,4.087039648151386,7.992859945859605,6.1659875193986196,16.90312129157403,5.053223138592555,1.478046948485803,3.856777504658509,3.628347940434565,3.674003581036258,1.7684080166054583,2.0811262427919006,1.8498708661660692,2.1135149753152267,3.962286242854485,2.3832859743057893,8.9849062402743,2.6439558268143277,3.0863294385735793,2.736887610409985,-1.621195330291652,-2.1073888627396906,2.797035556118072,1.3359270687058389,6.566234819414981,2.0056440078476823,11.737978021443336,3.295082789190129
0.20321282744014144,0.29144038523252686,0.8519659127895032,2.0112281675143597,0.48790136603848044,0.29906167572136627,-0.6805100093480051,0.05203971476134005,-1.0058422307208068,2.102538580976649,5.022033213049099,-0.5012243888872661,1.5912503643791442,-1.0553459121835982,3.231746874915725,1.050917589083189,-2.803734267585393,0.34607986825145703,4.06462101984935,-0.21444235978466156,1.4885598004315153,-0.6284761033194316,3.3972097133749903,1.5162324936259215,4.887344478320064,-0.5657042829394897,4.430464595810808,-0.9159429080804523,1.2024521653606906,-1.293327159811022,1.4785749608010106,-1.7285042062586307,5.385479360627499,0.1080542008264795,0.7877866652936698,2.4626365089172593,1.2901466821539431,3.2517942656325975,5.918610477795147,0.38408949196971315,1.1924842961526854,2.0903212269470894,1.693689051920024,0.5235767595233992,2.1004206824687404,-0.10591689277701552,3.1232223803574817,-0.4430043665200549,4.097006700084378,0.5829257498298029,5.205564532855959,0.9834766957507115,2.395069111792665,1.559770904191644,-1.876310540854575,1.556306358924848,1.1747503243252169,2.3000641947275877,6.010534698503163,0.46271797469205517,6.097085457873186
-0.8305001531097977,-0.5879953052402009,-0.9985769072728106,0.32280888664601215,-0.856374503454178,-0.48505463139267646,0.479585336036113,-1.39833555160366,0.7703262254171456,-0.3091792074023252,-0.5012243888872661,1.02103887877139,-0.05723142111298482,1.9241546737940283,-0.21065271994066295,-1.6622009382264094,0.2733769323549434,0.4078547169757121,0.21631339580245074,-0.5511517462137077,-0.9062503583047711,-0.31906929891854235,-0.9260254571878545,0.45035963746788604,-0.17242253248656975,-0.21390976763677685,-0.4791135079070152,-0.005092515446673093,-0.8948736947249314,0.4329812289669188,-1.4729609609973306,1.1900460678952656,0.08162851294702689,-0.502465805439744,-0.9818211894674101,-1.8237377453913806,-1.2531504391548016,-1.5129986657733736,-1.1858340134366157,-0.7044286992362692,0.7279704184027077,0.30511838306662825,0.5179877565680973,0.9280501684790735,0.19962287464035952,1.3864303499529735,0.06122726313297231,1.694752009770807,0.21585578040616324,0.5811872283679067,-0.09967594381389215,0.7282313914196391,0.25385793514168953,-1.2174023835507495,-0.23693971468467703,0.4925081978252707,0.5057780385964002,-0.956610236831508,-0.8176488794983435,0.7692600818528545,-0.1028691666571125
-0.34043633448380983,-0.1313707423215758,-0.9138164106020756,-0.4644617928759272,-0.2418283907607912,0.13237844567537269,-0.29033402557294347,0.0815571692551143,-0.5686315761457568,0.8872649706597324,1.5912503643791442,-0.05723142111298482,0.8892774160889996,-0.18953488029946358,1.5655084059776099,-0.17309805522519073,-1.0148496296539469,0.33941707691061757,1.0900944951577327,-0.49009263270442793,0.3052476727629976,-0.753293152508134,1.2565094156136234,0.45700858079035606,1.8815126189981413,-0.6762749704509158,0.17115186638019275,-0.7046989754923104,0.37797038184349563,-0.8986077916470713,0.5055942653657568,-0.730122757301937,1.716179179566523,-0.16884174662716492,-0.2685445433775129,-0.4564211068765582,-0.31835228395933857,0.030510937654201542,1.4887618543395205,-0.17650119408531825,1.1696836932278205,1.3325039848706226,1.2242539211670553,0.521584888555493,1.1564176166196232,0.25887393134230624,1.5622289298486667,0.18071535540597866,1.8838670408829794,0.6895033406460422,1.9446924039022957,0.8344495258663709,1.2874633697153897,-0.5368089352504878,-0.8369195136345406,1.0580371253845744,0.7107858971605076,0.7230762916623673,1.4031821254441237,0.34118488877862047,2.09303700551592
-1.3402729035131045,-0.8076305727189136,-0.8671361678277704,0.4852143835327734,-1.2391828835414045,-0.8842876071259361,0.639535580567944,-2.761085699318585,0.8196776801547082,-1.6369554378692284,-1.0553459121835982,1.9241546737940283,-0.18953488029946358,4.3521793252509235,-0.43719055941924806,-3.569569860051848,-0.0022818200764535886,0.5787396112710116,-0.19759917738092922,-0.874089060228758,-1.3683172524338283,-0.6823594293488499,-1.5932978237903337,0.8333362219011521,-0.44729807393508086,-0.09161631570444956,-2.9326781894593497,0.0014875053982679625,-1.3898654293169395,0.7546011374422291,-2.04572240181843,2.1778777482691796,-0.6691001820877985,-0.8202109724590492,-0.8626301838857137,-2.9906103226540464,-1.3410711840566922,-3.9717408275274257,-2.985096345446276,-1.0718805615089801,0.20476773495241335,-0.41183141261648093,-0.09761604020442782,1.2486273224596502,-0.06677931949140617,2.5725193104565633,-0.16360431315264157,3.660185319603849,0.08343771945574796,0.4192583668444271,-0.7939790497869935,0.4541677598968832,-0.2996415909733638,-0.8692815604858505,-0.2679366124716595,0.058492643409029925,0.4569425067237453,-2.222965962644165,-3.16498663700333,0.1623733371422581,-0.9669139327076465
-0.29140527080837664,-0.06447454637779314,-0.8649214504266998,-0.4965227358153567,-0.12569802994726448,0.09365084599378891,-0.48566359951927185,-0.3204646766502783,-1.0960874469858481,1.5737389613056119,3.231746874915725,-0.21065271994066295,1.5655084059776099,-0.43719055941924806,2.9658444413667984,-0.0737187470327708,-1.9691890428904344,0.5060894703407693,2.177846544253707,-0.6790450210662831,0.7108536756479706,-1.215833445242941,2.2936462935058066,1.0079311775842215,3.4457617664371134,-0.5231260502726108,0.8759044702979177,-1.1858244695532683,0.8260859778978046,-1.596571268067912,1.0431430002293158,-1.5284065875813766,3.3753701932911917,-0.1920635161876442,-0.033416530350176776,-0.09757070051628973,-0.03467157115311613,0.6581527326772458,2.869636414193928,-0.12399214191957858,1.586419327354025,1.978815275559319,1.7597606035976305,0.6560755378855613,1.932107114752373,0.18340356515398765,2.783927569593742,0.014853286547904796,3.447559534996022,0.9190178218489072,3.630053564673491,1.0739890319699057,2.040433789051998,-0.35550104798915216,-1.4695121036469119,1.547739901533266,1.0865427465881905,1.277928815722608,3.408864072319818,0.1779994482430562,4.3653682553024655
-1.4982700252388264,-0.3705373517584757,-1.0282123233922988,2.3697418797257934,-0.7947648808482101,1.3208534020995848,-0.6396028910818644,4.373127297205708,0.5055268073713145,-6.182260754147826,1.050917589083189,-1.6622009382264094,-0.17309805522519073,-3.569569860051848,-0.0737187470327708,20.495631323893537,-0.053098113833832956,-0.7082623246172866,2.5242883642858476,-0.2960036917055515,-0.12116088041045336,0.36492339141595875,-0.7987537872189352,-2.1641022213532235,0.4270336188957687,-4.287668654751199,0.2958687396955406,0.07859355424764435,0.09298229438087603,-0.9255035113185235,0.27147336567351465,-5.459686186334331,1.1042131327455649,0.23834768618187066,-1.8645360879349475,-1.122186725392963,0.45068797322829973,-4.965091218249596,6.239175512689622,-0.390628340378685,-1.6459567603149112,0.23273246991143168,-0.5221785474738315,-2.2963115667909224,-0.7752934648550892,-4.497989513934878,-0.10561035247651587,-8.857743036579436,0.21482137163678902,-4.456906064405305,2.7461998109947428,-1.8450414449750572,-0.05820425956315848,-3.939803105396001,-2.1036769884191915,-1.1071855374754107,-0.89982825361736,-2.3958604726721697,5.045834442407856,-4.6486445029718775,2.258174013225199
-0.17401539622652518,-0.1340334811607778,-0.36585175485356225,2.882013094061487,-0.33943478884879413,-1.4341095266605404,1.4452565638250574,-2.912595862579027,2.6475620138329283,-0.025264383127635487,-2.803734267585393,0.2733769323549434,-1.0148496296539469,-0.0022818200764535886,-1.9691890428904344,-0.053098113833832956,6.158657624125228,-0.08262635430332728,-4.530767938922079,-0.06013295594304631,-1.342901224028404,-0.2586029024403558,-3.0402455300589724,-0.32084187991447444,-3.1735839972328166,1.7257849982853781,3.0173903806052946,0.41269147130135203,-1.0249988020398686,1.0766891992798044,-0.9738241320531811,3.424028780298908,-3.4982804877264453,-0.07746618159387804,-0.7857340881275381,-1.188945484978474,-1.0019120366952134,-3.895699499629648,-2.8719087134576293,-0.5098514854002123,-0.28951377445292825,-1.4929812758466738,-0.810931488175941,-0.2931881689610921,-1.2672529744597614,-0.1636882416284909,-2.041953428552089,-0.3979787875790566,-2.518994998750889,-0.8718163614616999,-3.399599972324621,-0.5599134286148821,-1.511909270879753,1.3624291074140376,3.604202914706247,-0.9068960649713205,-0.6731671325816062,-0.23370088968815686,-0.7312818142140436,1.0622014035427807,-2.310443157561426
-0.597217387257484,-0.386967163813038,-1.2771677198852849,-0.006677796336765056,-0.5760522215294299,-0.15245623242601652,0.14889724405327304,-0.47550548704584994,0.2647625871368089,0.5520147057907412,0.34607986825145703,0.4078547169757121,0.33941707691061757,0.5787396112710116,0.5060894703407693,-0.7082623246172866,-0.08262635430332728,0.3728788498205494,0.7180675897866744,-0.502603626297326,-0.3758328013253634,-0.46662565874427364,0.011454474673034237,0.3441084438036034,0.7924719064816867,-0.36995111292015637,0.1469257950251862,-0.31730665021582727,-0.34632873787454355,-0.19708463350345268,-0.6396645440931784,0.2619189494735575,0.8998170416650714,-0.3212299189264958,-0.8927597420355445,-1.0506342433074385,-0.9109816823781944,-0.2871651602621591,0.24425388073948553,-0.44653048087503644,1.0429097476975653,0.8674290370836154,0.9390885186591897,0.7185170482343586,0.640527282576897,0.7171473536143362,0.6861386893888628,0.7397954614789394,0.8858253377781466,0.7050248837127314,0.7959706997026686,0.8486632114088407,0.7608138796943071,-1.384206007551852,-0.4337799947309083,0.8167587748426819,0.5970976975896157,0.03810984665116314,0.596535937009362,0.8927402171316187,0.8868707068977096
1.2463022574377765,-2.1592959269600867,2.5912131265568608,2.0669900086512163,0.05236854857742165,0.6686910204720566,-0.1281362594582698,2.3180624427912937,0.4083412497955034,8.163855471445165,4.06462101984935,0.21631339580245074,1.0900944951577327,-0.19759917738092922,2.177846544253707,2.5242883642858476,-4.530767938922079,0.7180675897866744,19.090527985116907,1.1120317065897884,0.17654326465323272,2.135541103229775,0.8136251772666684,2.4199379062265844,5.7149346654014215,1.8176577925961035,-0.0624957333245175,0.1375268334691701,-0.6676621415941169,-0.2592552252626055,-3.6714390584155145,-1.3144553868442659,8.111351400769632,0.13855965389952635,2.276845870048547,4.617048713213464,3.2619107567130747,12.828710949587798,8.707256198617367,0.6274819989230298,2.282974621212021,3.0911641644744035,2.361413047426467,1.8186155295412254,2.1945076225802365,1.71623731005356,3.0900491201825435,2.6248030897102663,4.423172412274556,7.608872578337024,6.351848343701222,2.8985610859625552,2.4172104346774987,-5.51920396426491,-4.8422112706567555,2.332147391920424,1.6315587594018959,6.080952639212109,9.766161733617418,6.061650491736881,6.098641680473568
2.9241529562941664,1.2242324514472565,4.455655242830132,2.0466431059427084,2.1251731649831895,0.15413499732002856,-0.03669864907272965,0.6195183826613809,-0.2098066156448592,2.4248239146788912,-0.21444235978466156,-0.5511517462137077,-0.49009263270442793,-0.874089060228758,-0.6790450210662831,-0.2960036917055515,-0.06013295594304631,-0.502603626297326,1.1120317065897884,2.1241190222180015,1.1744496678545213,2.4551043997985054,0.30829495076918617,1.1261153314893864,-1.2479798254876866,1.9989565369114857,2.350203602389348,1.0443141540648835,0.681197824332224,0.99474409922292,0.537843700803699,0.9333391987011944,-0.4061472610375135,0.849387910674025,3.570296789211106,4.095575125824941,3.810629887082839,2.8156366562003203,0.6581644861388208,1.6754471140078888,-1.0142682993651801,-0.6290776024492752,-0.8816421682505164,-0.6452371890818756,-0.6804344290459379,-0.5241474248217387,-0.7817876435077331,-0.22051914341729165,-1.137030636659386,0.8757022818164746,-0.7704299967022895,-0.5704105777043939,-0.7714885349059284,0.07607648204205344,-0.744980556936924,-0.7201443957040531,-0.687168535849846,0.5180760701716615,0.2009911770267103,0.4679500975644364,-1.1737005427587954
2.09556857145962,1.9285347457129294,1.717414230378497,-2.6405078210092747,2.2144186448514893,0.566402180520794,-0.8835142330931397,1.1921228685553829,-1.4340090632847802,0.5835674944983078,1.4885598004315153,-0.9062503583047711,0.3052476727629976,-1.3683172524338283,0.7108536756479706,-0.12116088041045336,-1.342901224028404,-0.3758328013253634,0.17654326465323272,1.1744496678545213,2.7269007469240742,0.5779594078013428,4.081709006170742,1.006708909038564,3.714085076220209,-0.7951718992077935,-0.7066428295326055,-0.015896739876010056,1.8899531542731567,-0.7410024255882348,2.860023329530539,-1.8174148046344596,1.538013491736365,0.8986388727657715,2.3191350557245882,1.9243962867212325,2.649185594852419,0.3792048697250863,1.8422887489415871,1.711478330803927,-1.3751378118431412,-0.613851799821513,-1.0038521552122306,-0.6083226394513442,0.045918573447063835,-0.7449229798797244,0.305162846487358,-0.7664117848631776,0.13090291120562556,-0.6264649903421527,0.784817764340529,-0.6580681978105776,-0.19593821986260226,1.5778815799351562,-0.6621390757983333,-0.5038189850116684,-0.3609709009416386,0.7951246050076163,-0.22940541104153128,-1.3710713770986827,0.07949389910666081
2.796846494597798,0.8958208019465037,5.167341714752585,2.51220425497729,1.7696978652670194,0.3672005397388319,0.1812615388229697,1.1311334216221147,0.41480315748569185,2.780348696615546,-0.6284761033194316,-0.31906929891854235,-0.753293152508134,-0.6823594293488499,-1.215833445242941,0.36492339141595875,-0.2586029024403558,-0.46662565874427364,2.135541103229775,2.4551043997985054,0.5779594078013428,3.9381736837574435,-0.7380504586615452,1.1799679274511616,-2.658396191371875,1.078159228750837,2.1774412038876703,1.5026915663646645,0.1351617600730161,1.7792156810226483,-0.49485652041554545,1.8209424881907004,-0.589195557229176,0.7476221523869978,3.4113595263379466,3.9632165487763,3.9564698142023644,3.68962394878256,0.6361416381004398,1.5227165240438911,-0.7908151338144481,-0.31687987450208993,-0.6627811253330906,-0.40293240658240886,-0.7449971032973777,-0.35929566741207564,-1.0203549803799412,-0.3088150202479536,-1.4366414720746163,0.7594148365471955,-0.8796365793056244,-0.26274229618031125,-0.6246930512343012,-1.4636541115979544,-1.715597743869969,-0.5006111403118552,-0.515422664679973,-0.3281734053552302,0.23140956585632633,0.9335197339543345,-1.8437686732329268
1.3264446734660993,2.3457492181414508,-1.5898664939571863,-9.891261915077116,1.9342668206978928,0.9236998736564347,-1.5707902271671463,1.9720567025333113,-2.0436903450180837,0.32516990346081176,3.3972097133749903,-0.9260254571878545,1.2565094156136234,-1.5932978237903337,2.2936462935058066,-0.7987537872189352,-3.0402455300589724,0.011454474673034237,0.8136251772666684,0.30829495076918617,4.081709006170742,-0.7380504586615452,8.490975817456361,1.4758038325276992,9.834853502694738,-4.110228724091786,-4.481223941889043,-0.8784675658815143,2.855593896095003,-2.1068438058571637,4.407627539798401,-4.208428506731251,4.465957573292147,0.8815552092924411,0.6503953209373073,-1.5517601632929725,0.9505769034507322,-0.9514030100149702,2.9453296332908914,1.6381947946512678,-0.8506431757948999,0.322172376479754,-0.29451603123773523,0.24193465330173478,1.3761082009738188,-0.11828305797775758,1.9492362199206188,-0.34566668889158136,1.9902328959588573,-1.0691899290250289,3.3200782964745983,0.19098319270157676,1.0896495767927277,1.9732763363675445,-2.21223988448972,0.5972154747135116,0.5443938972640288,1.1029023848965318,0.36040521674731235,-2.116932221101372,2.29382112977796
1.8086804769999412,1.1537786852096543,2.4342939155302417,1.3972800760944442,1.3467703063191632,-0.7048938306828022,0.33845064887239057,-1.3809240221854588,0.3965335181842644,3.521071726199424,1.5162324936259215,0.45035963746788604,0.45700858079035606,0.8333362219011521,1.0079311775842215,-2.1641022213532235,-0.32084187991447444,0.3441084438036034,2.4199379062265844,1.1261153314893864,1.006708909038564,1.1799679274511616,1.4758038325276992,5.023252109268052,1.3165706757641416,1.3597980533383827,3.73767312519474,0.15933780985072674,0.2989245471078243,0.20823205519353877,-0.5348095572710299,1.0105941238652945,1.96164537519718,0.2820878264990485,2.564337167230439,1.0696148521985036,1.682188649694998,0.5715947067718136,0.3923305154826567,1.0354609397315753,0.7172882513174337,0.8783825963244621,0.8981687305553983,0.8251948343222985,0.9087201394812838,1.3054434932072545,1.1712090643413875,2.2250956775678996,1.4894789574581082,2.769944113240516,1.2050728761937581,0.8478542958213834,0.9486871870242989,-2.77338257681257,-1.0525438701972067,0.8250597838094287,0.5941460861512269,0.7729088507190385,1.2739951059363024,1.6527470279486294,2.2351879851619763
-0.821702089272545,1.1229336321337209,-7.189872981551567,-14.23085921800655,0.48783131285333237,0.17693210282920308,-1.360091385383346,0.29049105856654045,-1.2395564483363357,0.7310319507059061,4.887344478320064,-0.17242253248656975,1.8815126189981413,-0.44729807393508086,3.4457617664371134,0.4270336188957687,-3.1735839972328166,0.7924719064816867,5.7149346654014215,-1.2479798254876866,3.714085076220209,-2.658396191371875,9.834853502694738,1.3165706757641416,18.91558358471393,-6.56424405278551,-9.067104034885295,-1.3870801339218302,1.8462834343176837,-2.4536651912800553,2.9544554906179195,-3.1499596266546885,9.241347737386812,0.31780850896172913,-2.2751899413728864,-4.7636699635772155,-1.6944231105230576,-5.9471224078396645,6.178602926323238,0.4879535397656831,-0.42979708828354574,0.2260121233138686,-0.13355127382049947,1.5276944870862312,2.539156590519486,1.2327049991229948,3.3645824614572937,1.0913038447530898,4.38028126052341,-0.6343655552616888,5.651663867691126,1.2564004416063554,1.655637705319539,0.11552704136407821,-2.43387679099621,1.3850423046128135,1.6679025885445906,4.8779575777405935,4.6369439010192455,1.4039316162580875,5.774753862409006
4.322602140002854,0.6903928020923032,8.643429863736415,12.028389804186984,2.3316032330060525,-1.0011768219922357,1.2551656207482558,-2.7527944918450826,0.7424008461036945,6.448313041943512,-0.5657042829394897,-0.21390976763677685,-0.6762749704509158,-0.09161631570444956,-0.5231260502726108,-4.287668654751199,1.7257849982853781,-0.36995111292015637,1.8176577925961035,1.9989565369114857,-0.7951718992077935,1.078159228750837,-4.110228724091786,1.3597980533383827,-6.56424405278551,16.80764128730873,13.052219679687008,0.7171198678674735,-0.467638731915623,0.5275122953043422,-2.617393872762969,2.3837973075135452,-0.28873194391768225,0.34685220231683367,4.533690737318347,12.388193098387578,6.052953876581055,10.223630126284505,0.025675205519461626,1.491245220202016,-0.38264503472117783,-0.723319061151166,-0.6672228455886804,-0.6966288958150001,-1.1171879661644228,-0.12110663263010374,-1.2581543916122677,0.9985393522665117,-1.5224264451495158,4.413579206824582,-1.215625384393464,-0.5986726172971566,-1.2038229950872872,-3.3520153491844646,-0.2425608246212008,-0.9725685973696172,-1.0190157526966388,-0.3368476640045605,4.709064916858533,1.5658859844237185,1.001321090972983
4.075044312152223,1.9982579842856012,9.397238547059814,33.99597649371659,2.6172650446258285,-1.831548272305086,2.2239411364047745,-4.385220226028593,2.866804855736072,5.814186267183938,4.430464595810808,-0.4791135079070152,0.17115186638019275,-2.9326781894593497,0.8759044702979177,0.2958687396955406,3.0173903806052946,0.1469257950251862,-0.0624957333245175,2.350203602389348,-0.7066428295326055,2.1774412038876703,-4.481223941889043,3.73767312519474,-9.067104034885295,13.052219679687008,63.881461589922246,1.9535885237792636,-0.09425456144857157,3.6364856629889593,-0.005640296023883543,7.555035769801546,6.220071571728487,0.4596823261358351,2.2104930576842623,21.169846516957254,3.4605174419285456,7.4940013782029755,10.20653781973924,1.405485642199816,6.400114977175732,5.859645825586225,6.023953934170424,1.3020348283657432,2.1524018670753184,-0.8995955151124754,1.7321575205714073,-3.815955856250585,2.3726378193113504,3.765987560152087,3.3683925912076327,4.455790149225068,4.454134521296635,-3.9055316099304584,1.1209112842656037,4.2832948047485555,1.8356635916451316,1.61531250146182,23.81845048760798,8.179609767696249,8.195159420385686
1.1109582916006324,0.19423466997403172,2.1234522689292565,1.224349655176564,0.6458999286067985,-0.1415425962685988,0.24365687789231233,0.031272987558211035,0.5072306005880014,0.809912073188554,-0.9159429080804523,-0.005092515446673093,-0.7046989754923104,0.0014875053982679625,-1.1858244695532683,0.07859355424764435,0.41269147130135203,-0.31730665021582727,0.1375268334691701,1.0443141540648835,-0.015896739876010056,1.5026915663646645,-0.8784675658815143,0.15933780985072674,-1.3870801339218302,0.7171198678674735,1.9535885237792636,1.1141600493188024,-0.23948822479695103,1.5411346232534944,-0.4218930145580556,1.49922328211225,-0.6743456003450619,0.3386114381791254,1.269586777838462,1.8067503712364137,1.2692912039947672,0.7300915492641515,-0.3367817697357005,0.5314576350472436,-0.7108793099970118,-0.7135363585320791,-0.7035276749579419,-0.31723321269188515,-0.7494557813365519,-0.12497310502418024,-1.0346704105940359,0.03941276402954201,-1.2591884072904869,0.12809733703007015,-1.1105839345334447,-0.39775025529323244,-0.7396436161403136,0.06866938924999583,-0.03588181560718099,-0.5942803325232847,-0.449122354237247,0.2594044226403179,-0.10790978333128984,1.3686207169809215,-1.1365303148360968
1.265810360044129,1.1796794499347076,1.3093860098737196,-2.5089982197340817,1.4026966422430738,0.5049707532578526,-0.7620677046960418,1.056435254828528,-1.4175263904360318,-0.025776420650451517,1.2024521653606906,-0.8948736947249314,0.37797038184349563,-1.3898654293169395,0.8260859778978046,0.09298229438087603,-1.0249988020398686,-0.34632873787454355,-0.6676621415941169,0.681197824332224,1.8899531542731567,0.1351617600730161,2.855593896095003,0.2989245471078243,1.8462834343176837,-0.467638731915623,-0.09425456144857157,-0.23948822479695103,1.7091399360491841,-0.8956291045757834,2.8518276910685105,-1.7376883474499776,0.35279225832931105,0.666691214372667,1.5551518050381952,1.2510160513596278,1.5553777202154715,0.328716294683926,0.8314323680459824,1.1075789939156282,-1.0549352261567073,-0.47719161737577587,-0.7963449509303192,-0.6635725444770345,0.049908357723171655,-0.9281780389188196,0.3378838835181317,-1.0607315017670582,0.11695605266697852,-0.7798816001006779,0.503698219094509,-0.6597555921777963,-0.19835901276083864,2.112474677115207,-0.36501087245774805,-0.44347869939866563,-0.3759948007522011,0.058066457075980515,0.06471796632249546,-2.110752272378487,0.25893275811629535
0.7544989234997461,-0.40375487426908485,2.5257820141895295,3.1051582503628383,0.11619373496130166,-0.3862827837911807,0.5326662948188857,-0.5494418784110633,1.1070653331084679,1.7392617967087052,-1.293327159811022,0.4329812289669188,-0.8986077916470713,0.7546011374422291,-1.596571268067912,-0.9255035113185235,1.0766891992798044,-0.19708463350345268,-0.2592552252626055,0.99474409922292,-0.7410024255882348,1.7792156810226483,-2.1068438058571637,0.20823205519353877,-2.4536651912800553,0.5275122953043422,3.6364856629889593,1.5411346232534944,-0.8956291045757834,2.8222850705741607,-1.1927346810851105,3.9723355703938146,-0.9097602661564294,0.13120197448800713,0.9446370979336404,1.9701914156891442,0.8315872214355381,0.8487829720436119,-0.32465470259692336,0.11264913888465346,-0.24640625404642788,-0.5279883676888449,-0.3460281501442161,0.039766980766617936,-0.734789111699408,0.4515838648013883,-1.1856272951637425,0.9663939030386705,-1.3595810850825132,0.5892440503540225,-1.5248932595729998,-0.023990240902359086,-0.6273275219010367,0.3508009642447409,0.09658458635624678,-0.35529303694665154,-0.2623497940278833,0.7720026900488924,-0.19464553885960925,3.7752563978620772,-1.2828206502354451
1.061568626584293,1.6182712178023198,0.677836143032655,-5.212684214880239,1.669490492679201,0.7904208840753644,-1.3861069483235897,1.6885465063372695,-2.4568545572263454,-1.4602979594002292,1.4785749608010106,-1.4729609609973306,0.5055942653657568,-2.04572240181843,1.0431430002293158,0.27147336567351465,-0.9738241320531811,-0.6396645440931784,-3.6714390584155145,0.537843700803699,2.860023329530539,-0.49485652041554545,4.407627539798401,-0.5348095572710299,2.9544554906179195,-2.617393872762969,-0.005640296023883543,-0.4218930145580556,2.8518276910685105,-1.1927346810851105,6.30912615717962,-1.5817817143530801,-0.9938558812684941,1.0189893973738864,1.543035325558018,0.6421175166024786,1.522728414951193,-3.0217187655594264,0.07422939031564434,1.2729049639410244,-1.9488421252774948,-1.3060554645948907,-1.668115361025533,-1.2362695747241175,-0.1288021830386988,-1.6409367097410736,0.19577389723777439,-1.9076967722482097,-0.30206773676975557,-2.693829986419575,-0.42580831715447526,-1.3872927370846524,-0.7079597544642453,6.006240434754978,1.000918718045661,-1.0259302016140888,-0.7852606967611909,0.4809035256583051,-1.2918414700638994,-3.1811666243052037,-0.5754736066736914
0.6697282734527024,-0.5602047954333021,2.9662775272077275,4.435291259685184,-0.5145021415313112,-1.0808054175254238,1.2290240178833731,-2.9766681846342853,1.7893458329861436,4.938294677572221,-1.7285042062586307,1.1900460678952656,-0.730122757301937,2.1778777482691796,-1.5284065875813766,-5.459686186334331,3.424028780298908,0.2619189494735575,-1.3144553868442659,0.9333391987011944,-1.8174148046344596,1.8209424881907004,-4.208428506731251,1.0105941238652945,-3.1499596266546885,2.3837973075135452,7.555035769801546,1.49922328211225,-1.7376883474499776,3.9723355703938146,-1.5817817143530801,13.671960048362703,-2.1434576241260617,-0.25113068164041585,0.4732628546224421,1.0613564767932122,-0.6073231210816173,-6.370328899096449,-0.013671435749517838,-0.47111240755312384,1.2038595120507438,-0.17455573359866397,0.4453346037048139,1.2339440025758723,-0.13013447929461588,2.311287087536452,-0.9315373240021849,4.145536360607115,-0.911854316889966,2.6261039615281527,-3.007400228696029,1.4258368843954274,-0.5172217821550578,2.1833181761117304,1.3396299501992674,0.4713550084082893,0.3096685186027971,3.7027420304325847,-1.648133554461543,8.969304116056984,-2.262942804120873
0.26977630920624157,0.4021651475845235,-1.438450769977998,1.1454693885387304,0.39666861256445557,0.1564640895827839,-0.32478548384171285,-0.19388350490498618,0.02294045182383236,3.985059581670727,5.385479360627499,0.08162851294702689,1.716179179566523,-0.6691001820877985,3.3753701932911917,1.1042131327455649,-3.4982804877264453,0.8998170416650714,8.111351400769632,-0.4061472610375135,1.538013491736365,-0.589195557229176,4.465957573292147,1.96164537519718,9.241347737386812,-0.28873194391768225,6.220071571728487,-0.6743456003450619,0.35279225832931105,-0.9097602661564294,-0.9938558812684941,-2.1434576241260617,10.282180356404849,-0.1691815229411561,-1.19112706105173,2.5998469384369938,0.43444765449004125,4.602784307707175,8.802230628859693,0.3352285431740596,2.5054512209601665,3.30511419275359,2.863474290872434,1.741457940159673,2.939316044605342,0.8422612594851989,3.813353555717835,-0.11532531426832503,5.174099233929894,1.8691040998409612,7.13410826113099,2.5771973306288505,3.5400148366181408,-4.985335264739155,-3.71014845077255,2.88203456225793,2.1819683081416814,3.183491001931101,9.736659490153883,4.115518463288574,7.750575919650323
