0,1,2,3,4,5,6,7,8,9,10,11,12,13,14,15,16,17,18,19,20,21,22,23,24,25,26,27,28,29,30,31,32,33,34,35,36,37,38,39,40,41,42,43,44,45,46,47,48,49,50,51,52,53,54,55,56,57,58,59,60
5.243129776495261,5.532672778263695,5.66218086943054,7.375716155904285,5.149928459211799,-0.24978604022402473,-1.138405324755071,1.7012425885234066,-1.1309464984481736,2.2704884534804446,2.7255803974930006,0.30436784183928334,0.27582493841022293,1.2051328402085733,1.2426125320885242,2.2887484934379554,1.6211215624924897,-0.1772302208472079,5.876874288550723,3.8656389492216365,4.098834465473164,4.152904748171501,4.639957566760835,5.0163541979509265,5.850116461777098,5.022540333247194,7.016026914103332,2.1010459804397352,2.1614768108873137,2.598770376188446,0.0013395759767303463,3.4446457539899296,7.846615494294009,1.5051162533553517,5.92183015913496,6.680973684404081,5.859232600876982,3.7213285164303693,5.694407570701679,3.814614026698604,3.1774981351578653,3.237157577202319,3.07402749712335,1.1924755012648678,1.1557786516019133,1.7102727050728332,1.9314231606363559,2.459640512945234,2.6146182171390846,3.568165863026067,4.658627793600368,2.053064207533483,2.398556664172066,-1.3155813525762499,-1.9931681717846963,2.002679091173966,0.6957380269222984,3.2120291322807906,7.9457388198284,3.3637594013032626,5.745382914974653
5.532672778263695,6.459760224397012,5.333490972648373,8.823389112055654,5.756387378889527,-0.09829019235666904,-1.737575336793426,1.3156884054811326,-0.670960973212327,1.7004585328289146,3.501276691637876,0.039431161412574196,0.4843037254063337,0.8011074369732761,1.7591314287292221,1.8937396181877972,1.9285228615686094,-0.21026246671113485,5.930391407529452,4.142616055541611,4.9735776009190475,4.01464266403437,5.850595310674939,4.804247869939655,7.149196809003213,4.548917810867638,8.023268920258248,2.1389295529020744,2.8531615476803296,2.2335325369726142,0.747168360825282,2.95963000112073,9.757526136033224,1.7956460695275984,6.102797920069287,7.613003557512788,6.223256788654439,3.4316293223688823,6.384913919495483,4.301525485527171,3.1031985543237037,3.3322379989616864,3.0994653637205887,0.985490086415821,1.5511893251761082,1.4141644682017214,2.3461053157703504,2.0781752168281544,3.086735254781541,3.228264220889155,5.036019454785455,1.9206703174315904,2.623113864498894,-1.1101270640588872,-1.9829071667057248,2.0786909191048446,0.6529563041414408,3.04745066912752,8.833848716451824,2.9631151775397133,5.809217672292386
5.66218086943054,5.333490972648373,7.97945289352948,7.003926930040123,5.187419562299204,-0.7888408027907663,-0.18844131388768381,2.8458612658774722,-1.7163245585095845,4.092583775002001,4.161580177789453,1.1063331123288578,0.621013453042482,2.487505152215019,1.8102475591511664,3.981639585514513,2.802345330021934,0.1048918066837232,7.566289801731498,3.8910690869964046,3.8170215943579007,4.727211373577392,4.2694751525014585,6.24943591648146,6.089655981909512,7.089899479394722,7.738550042456231,2.2108336039022594,1.6874350925033614,3.548831083665259,-1.1509238494077376,4.992565713986158,9.524740240457756,1.2992586404256878,6.918589697307828,6.698763939078526,6.534116930481167,5.7872790113104875,8.179282785152397,3.634745578531141,4.97157526650639,4.953552857450423,4.8574432358199635,2.317171678526033,1.6770636458695414,3.073881817050611,2.8159150055628968,4.139647751891732,3.672192449648251,5.742330090634034,6.546696380213348,3.455946642090816,3.8285138032008708,-2.7881199054867363,-3.19897908810469,3.326286431745379,1.63055586305236,4.9837477169004645,9.912587430300238,5.231526222690131,8.313688990640872
7.375716155904285,8.823389112055654,7.003926930040123,14.83473209903726,7.649388919471,-0.2636263280595218,-1.4565109384689223,2.2875903414834697,-4.9231383694215936,3.3897153648380383,3.094337249557665,0.7761040021032805,0.2380307463130517,2.2947514627079206,1.2073656876312293,4.332911222838371,1.7917071612019324,-0.050298555063702996,10.39834352228143,5.0287220420915,6.06303017072281,5.120082820600068,7.332208233968638,6.6707028300955535,10.748986193624706,6.41428472416526,14.35941593069567,2.534998470010091,2.6544449011301294,3.0908165923461177,-2.433173744861206,4.8684753284768965,14.992724849683322,1.9637374503776683,8.501322120712482,11.358341130809958,8.817299718614112,6.1833677051506,12.144544577893505,5.0902002347855815,6.612017354745972,6.430786421655974,6.355954258505994,2.6818357155411996,2.415838908028104,3.6405161388669254,3.3770736719057597,4.958409875828444,4.417283424592088,7.044100021220892,7.889682963657321,4.435080837406052,4.535938565375607,-3.436414709895459,-4.110975862330078,4.202517500151103,1.5759937404919393,6.482085212075213,18.6071782755438,6.273825181871786,12.689144801529876
5.149928459211799,5.756387378889527,5.187419562299204,7.649388919471,5.260149724594803,-0.15029310769728405,-1.4227872848192524,1.3379520195394923,-0.8331757588771467,1.7261317402641274,2.766963539832219,0.09236541508467801,0.2939664558445638,0.8447684262902291,1.3155041481130618,1.8290150403974386,1.483491791118358,-0.22565137479448535,5.564995287672986,3.8839358066939518,4.3652761850217345,3.905884527852822,5.03628524224367,4.620829855630324,6.144152395417598,4.480557932906041,7.117124556617169,2.062259938126897,2.450890770660201,2.2516935243713494,0.43107023626183627,2.956288758093453,8.17873124301588,1.635406621102544,5.721305351477548,6.839899454136121,5.725529326602146,3.2098317880628553,5.572447518614063,3.959578075343827,2.8423666703105983,2.9498649831268096,2.7682781016486024,0.931361325202898,1.1891302862220652,1.3711554996966908,1.876649398460403,2.0297842302905624,2.51543924372787,3.0680764882581766,4.387097236730401,1.761703428495465,2.1995403224977244,-1.0501370295468073,-1.7321971772012044,1.7877280919234444,0.5306893540351045,2.8991111218617247,7.739830167968178,2.868691465895639,5.358195550286473
-0.24978604022402473,-0.09829019235666904,-0.7888408027907663,-0.2636263280595218,-0.15029310769728405,1.1683191760044869,-1.7066788786309866,-0.8080318774697055,2.1919416495397472,-1.5917908206392175,1.1558883194938085,-0.5746770743248553,0.42540552118121006,-1.0381395722276234,0.9796800895763614,-1.0038673713613828,0.42422763239234573,-0.04431512643769134,-1.2416141961284888,-0.24707845040077658,0.23745207470845975,-0.6440960793166381,0.5400897031184931,-0.8116666750355979,0.168007213331314,-1.2820421743407673,-0.9592330601955041,-0.4022013380375279,0.8076664971331151,-0.8987191893510584,1.900390375471866,-1.5360963597465849,-0.4136877555661257,0.024623883132648596,-0.5462877587220011,-0.3139526341586584,-0.012836317259410385,-0.9283995825968839,-0.950437689461835,-0.0856345237849754,-1.2282604838057933,-1.0008401753096539,-1.0983876263017212,-0.6978574217489923,-0.12669586997626625,-1.015848025394849,0.057749064428755936,-1.311891106789088,0.12532994249320303,-1.511186631265607,-0.12442991815333314,-0.890800965649231,-0.6040863696716833,2.7151694197066307,1.5991398629304232,-0.741231199457595,-0.3996894965081674,-1.573957990010373,-1.976204060432006,-1.8009574865456333,-1.5639845362680098
-1.138405324755071,-1.737575336793426,-0.18844131388768381,-1.4565109384689223,-1.4227872848192524,-1.7066788786309866,5.477100505502914,0.9790301709519936,-5.933687955783052,2.27324585289121,-6.016432638317367,1.0528148215385122,-1.5303274308656403,1.7614294184465942,-3.4750861348870514,1.3992612669881919,-2.2513966961761698,-0.06465258629873775,1.6604244401706802,-0.875682869692933,-2.512254638300652,-0.012576759449654468,-3.4800315457938154,-0.25581385950620544,-2.717955578010893,0.9593697151826013,1.0154843006567886,0.07101059608961843,-3.0548478819050064,0.9394011158767731,-5.095869107436661,1.8411054473097535,-3.2462814555886603,-0.7835943581534314,-0.590429468381194,-1.2664577366867231,-1.5064557942122356,0.5593477019107891,0.8057332203353663,-1.3756953697466994,1.8040417138671987,1.4162267253321275,1.5795337873743274,0.9978523781961017,-0.7943500568894898,1.5419959219552963,-1.3440251118453568,2.0901200262062645,-1.4881554873008958,2.1853770777794757,-0.9224221245799175,1.1896982467413344,0.22126233417273153,-3.2921035288808813,-0.03562645887966685,0.6823339829709714,0.19924322591055094,2.397654240123688,4.481928586383472,2.7874853091573284,4.036165170421654
1.7012425885234066,1.3156884054811326,2.8458612658774722,2.2875903414834697,1.3379520195394923,-0.8080318774697055,0.9790301709519936,3.144934757538052,-3.4617951701671843,4.3024144997098475,0.2189373462694729,1.451179765399539,-0.2515410294581863,2.833553175568655,-0.4147899153701041,4.097258669112067,0.40243586374156054,0.17024388935730678,3.0309011454791155,1.3491536855873698,0.41106473055320025,2.2607629742981183,0.36980232603506935,3.201748342537314,1.9266806988344078,3.340382799089591,3.3182820881783295,1.3514161757878922,-0.7864695441230549,2.94259437354311,-3.473150098600642,3.7121919982844993,4.440966128814966,0.19463877813653876,2.135548500625613,2.0380565240368593,2.1174649810912682,4.2583887327162895,3.747609499070677,0.8740574603241159,3.14836322944542,2.316860468089359,2.8030970745850072,1.9685204032806545,0.35630183751243716,2.7798041332046046,0.6173050345716241,3.720294257017928,0.8879743039962089,4.9208603965750655,2.0838124887518443,2.471216729444839,1.5844775785622256,-2.207815917742619,-1.5113095892831752,1.728887841763258,0.9594329714818381,3.8122585484972036,6.007244418398771,4.513484837968816,5.027466138441938
-1.1309464984481736,-0.670960973212327,-1.7163245585095845,-4.9231383694215936,-0.8331757588771467,2.1919416495397472,-5.933687955783052,-3.4617951701671843,24.285506105433846,-5.735026969429547,15.853006956568082,-1.8487628087786043,5.910318255334232,-3.82277957521436,11.738933375592808,-4.517632722859421,10.795118218088659,1.0361512261459889,-7.14842052387921,-1.0905494246739196,3.589759404490399,-2.751141917494314,4.741143210971062,-3.0696781592526476,0.15571163740615768,-3.395397427756454,-9.947256152328464,-2.321589480502965,6.930897623068539,-3.7335026932569773,20.174724967408732,-5.616061030532563,-1.3210353733692597,0.6177358092627825,-2.454218042638973,-3.6172421908701016,-0.18941268502621983,-4.1443302960507475,-6.504994602074789,0.4638513536893824,-4.026787960562432,-1.909507827142556,-2.8057308326669426,-1.7957631280078343,4.144186466628067,-3.4349440442050296,5.3473589655118765,-5.051195312333984,5.599872520889244,-5.99286500703013,2.1356974824516146,-2.2520721471429037,1.562091956762998,7.575597735465428,5.589701633640231,0.0028804501745199836,1.1670742646289676,-5.9190567361890585,-20.589543754374287,-6.775594033024197,-13.349502338099525
2.2704884534804446,1.7004585328289146,4.092583775002001,3.3897153648380383,1.7261317402641274,-1.5917908206392175,2.27324585289121,4.3024144997098475,-5.735026969429547,6.817408461073768,-0.3740434448608875,2.1334968521325455,-0.612908057948402,4.275628673685682,-1.1040408027287039,5.829896343510164,0.3108483242742173,0.14802390680333402,5.738305591134536,1.6199825924407296,0.2644856443759186,3.100414203461105,0.08064716797772567,4.4070430552420286,2.5361823100166854,5.201744028840128,5.339760946857274,1.7444462206235303,-1.473421063395985,4.059128578438032,-5.312897336591444,5.706054137369067,5.574976917586802,0.11071835119191516,3.2320545659997473,2.944298860996081,2.8397376766043676,5.93786082960204,5.249433028994749,0.9219579230944965,5.237587508615536,4.040120958577858,4.6860891945434355,2.9479024310102813,0.6174316819578187,4.282810648830386,0.8633558722424098,5.69838340905231,1.131366611947493,7.3134252203545795,3.0823864901410536,3.9145262872470727,2.6052420102932663,-4.488909189675921,-3.2040616744730066,2.881687955602676,1.3582951258624387,5.669460356434507,9.923482173514024,6.983383640954011,7.7820294286195395
2.7255803974930006,3.501276691637876,4.161580177789453,3.094337249557665,2.766963539832219,1.1558883194938085,-6.016432638317367,0.2189373462694729,15.853006956568082,-0.3740434448608875,25.824694022850988,-0.024868190133647168,5.568007669002624,-0.2536250514636032,11.718319203906113,1.6604033093628592,13.570867266622553,1.1859966543806106,-0.19392324589250673,1.5157768849172977,6.575189613156228,0.1928062598363632,8.122319197981074,2.4015415894202263,7.718413290112761,2.437245106692934,0.5719769325829314,-0.3128955552539459,6.791968360613115,-0.4079094084885344,12.874383414796231,-0.7171664400623217,19.454812518040725,1.7946148290215538,2.359737121305728,1.9075203405581687,5.568510930032757,4.24646156740429,7.126730909258522,2.9128087105757006,2.2972964387319768,4.14972765799223,3.5292402998576553,1.5158368989680568,5.836558621320352,0.9179638261425388,7.921543942355704,0.5928415057180922,9.541075243137165,2.4629755635351795,10.954508341552215,2.3625594606874105,6.4763758963216596,3.7737400352064623,0.44409491507598126,4.141597344110309,3.1156855452552383,1.0910386262072478,-3.998656863522484,-0.16767065880520318,1.996705048273408
0.30436784183928334,0.039431161412574196,1.1063331123288578,0.7761040021032805,0.09236541508467801,-0.5746770743248553,1.0528148215385122,1.451179765399539,-1.8487628087786043,2.1334968521325455,-0.024868190133647168,1.2694484590522246,0.2599482475277962,1.9583386229641546,0.17958304605261324,2.3993503499918245,1.0093166510733922,0.47016316319894697,1.8976262791555352,0.08424812001446925,-0.3792209793805522,0.6035666316667744,-0.40645495822314265,1.1212064377335857,0.6121459979924603,1.5051552362247342,1.725108368300893,0.25653789565647184,-0.835065877767601,1.1072196468216942,-2.1142417183545397,1.6985676459669614,2.2723604322251587,-0.2830115292071666,0.5898626737957855,0.4918356966983598,0.3012845319294708,2.011859031025438,2.8916319098130976,-0.1654977550047964,2.6505375623131706,2.220965283447882,2.482192984790528,1.8689802477687059,0.7463297893883776,2.2712802675678136,0.9678508232237499,2.727883077403477,1.146006422829516,3.23417473373489,1.5758978629727292,2.323768850004547,1.7202641706413049,-1.7099835483000854,-0.8417374903584351,1.8974247276072496,1.2548298017518256,2.631222300881418,4.443622843143255,2.884645560820905,3.13580644863215
0.27582493841022293,0.4843037254063337,0.621013453042482,0.2380307463130517,0.2939664558445638,0.42540552118121006,-1.5303274308656403,-0.2515410294581863,5.910318255334232,-0.612908057948402,5.568007669002624,0.2599482475277962,2.455407292861366,0.033700472223660495,4.5977237350262214,0.18878158068629855,4.764284484595649,0.8080253632729566,-0.6881104482815781,-0.026440730476082308,1.2895396228423024,-0.335626008147473,1.8851277454241278,0.04769748372866948,1.5015583340477736,0.1298510410071492,-0.7067163778314598,-0.5401229721451745,1.85662080772003,-0.549583103662102,4.2092165441702525,-0.7145475835967056,3.129300505118241,0.06121773473578669,0.15906059459636487,-0.04539405774568394,0.5123380688772504,0.23258016826796352,1.7687537192497214,0.2944664022112713,0.9694560044732047,1.590541683676613,1.3799483643549495,0.9795433798512155,2.4311012033525508,0.5941164052249077,3.1679800474339843,0.3515594052954687,3.5247224557922996,0.4927424503319218,2.856626372454231,1.295417296551708,2.4510408914119677,1.3503142276499964,0.841421187685431,1.9557326050999786,1.6323782822901232,-0.07761071430567097,-1.263097991217899,-0.2808030807780032,-0.8119466115260368
1.2051328402085733,0.8011074369732761,2.487505152215019,2.2947514627079206,0.8447684262902291,-1.0381395722276234,1.7614294184465942,2.833553175568655,-3.82277957521436,4.275628673685682,-0.2536250514636032,1.9583386229641546,0.033700472223660495,3.417093238093419,-0.2227850703826946,4.402191385504224,1.050167741239852,0.5195502789006154,4.038525070502988,0.7309105197664622,-0.1357563019242494,1.7045575434900413,-0.17276200375205247,2.696912211983049,1.686288335417528,3.3436621063640297,3.9534149279481725,0.856786840122205,-1.24217443467762,2.4601614010545423,-3.8088765746832944,3.654405415031963,4.688118659944243,-0.20797176234479142,1.7785741900316296,1.7328470397025464,1.4450793865105478,4.058871677973351,5.053094568995328,0.26986042889297246,4.584966424797457,3.6980114250248253,4.181565720563772,2.9200832466759583,0.9294410363811969,3.8087846240128758,1.2774267863265625,4.821144636314287,1.5585920382584142,5.885870330245826,2.6718995807365262,3.745597906326486,2.5852427300174017,-3.405154277430914,-2.128272424099571,2.8912138356783754,1.6902875671333184,4.955976323808366,8.346002427600627,5.477392163803397,6.013516594647419
1.2426125320885242,1.7591314287292221,1.8102475591511664,1.2073656876312293,1.3155041481130618,0.9796800895763614,-3.4750861348870514,-0.4147899153701041,11.738933375592808,-1.1040408027287039,11.718319203906113,0.17958304605261324,4.5977237350262214,-0.2227850703826946,9.033692068553602,0.2003026258051987,9.483600185042206,1.288072248555171,-0.9981702809530212,0.5704143946122244,3.338030743789493,-0.14122516169453547,4.531989782435773,0.6089002965495866,3.722124188400318,0.6738353143755232,-0.860076918129493,-0.6472301711288956,4.201372756229549,-0.8203506798167712,8.89370153345514,-1.2130783207916047,7.375300580067434,0.5504620581356882,0.9828671616784775,0.7335218849893395,1.9608787397511382,0.6637519261935827,3.5615119349489697,1.278019408470735,1.604099451184752,2.860383235360463,2.3943052319218774,1.4643643154849573,4.534524742006149,0.7606875720235239,6.086133005892505,0.30371327212006377,6.973676517617175,0.635326814229151,6.158589723145691,2.058326330448658,4.509486457772427,2.787841714736803,1.263091819183194,3.3782723887905073,2.7074439279744618,-0.4520734449957034,-2.4354543635589097,-0.7955621891977799,-1.4366496109400297
2.2887484934379554,1.8937396181877972,3.981639585514513,4.332911222838371,1.8290150403974386,-1.0038673713613828,1.3992612669881919,4.097258669112067,-4.517632722859421,5.829896343510164,1.6604033093628592,2.3993503499918245,0.18878158068629855,4.402191385504224,0.2003026258051987,6.616362180793938,1.2798730823158841,0.5957241870718037,5.687128529209797,1.4973538610014976,0.6811358153397277,2.6186619593287657,0.8251799381952756,4.424235198595446,3.664195591685049,4.778944748471601,6.193474115758853,1.2908670666706108,-0.9538054321952236,3.5317670216859187,-4.708836643751146,5.067641313810659,8.194840823408876,0.06293956181130558,3.016874876956921,3.196103973422199,3.2455633648277638,6.725739643405126,7.307885462524301,0.9565385977996035,6.2688533031952005,5.054143926110854,5.752330371755984,3.735238525728079,1.3911170431728919,4.951198455722073,1.896170649466733,6.48821930873294,2.3426793219571764,8.55529315501106,4.4169954779262985,4.936673787916794,3.6851831858536217,-4.097967547131388,-2.6422527260653488,3.859911237865038,2.2489543889006187,7.088799160171834,11.286537390113294,7.517695087589249,9.151261855518912
1.6211215624924897,1.9285228615686094,2.802345330021934,1.7917071612019324,1.483491791118358,0.42422763239234573,-2.2513966961761698,0.40243586374156054,10.795118218088659,0.3108483242742173,13.570867266622553,1.0093166510733922,4.764284484595649,1.050167741239852,9.483600185042206,1.2798730823158841,13.618203856535574,1.5390627938089503,0.7230232693295001,0.6664453187652877,3.7188216967757524,0.2510783274354518,4.556217036276354,1.269207000580778,4.316276251369436,2.061603754373056,0.6212853491751669,-0.281460868038921,3.976397564252798,-0.05786000741366249,8.899633708354468,-0.13575800780081973,11.184234383088832,0.7114902542126001,1.5340665461123657,1.124132965747631,2.9046024975691838,1.7323926033258048,6.895699564570189,1.3443663564446804,3.50593077887605,5.043599457926799,4.474528055545895,2.6696346192476814,5.257999912678612,2.1264386702570732,7.208096727308157,1.902253081281397,8.904075401230983,2.128551139653728,9.037179099035127,3.488355287409025,6.184941949831869,2.614932009124517,1.0588944649757812,4.760665967967479,3.590880690039142,0.8811283529512702,1.7897046730429833,0.8806455662042543,2.123728549103592
-0.1772302208472079,-0.21026246671113485,0.1048918066837232,-0.050298555063702996,-0.22565137479448535,-0.04431512643769134,-0.06465258629873775,0.17024388935730678,1.0361512261459889,0.14802390680333402,1.1859966543806106,0.47016316319894697,0.8080253632729566,0.5195502789006154,1.288072248555171,0.5957241870718037,1.5390627938089503,0.4678220097074862,0.0034825537937321965,-0.2515867956402967,-0.05696944883840622,-0.20971787838014913,0.0903424477968902,-0.0029635209879327355,0.23201213855977637,0.13589386954128704,-0.028223126447815244,-0.2645014105964503,0.06935380126744604,-0.06466343063786689,0.3610009041882048,0.05854577921481753,1.0933302477229523,-0.2183971775359691,-0.17087725107672172,-0.25141209478340554,-0.246037045991787,0.380674405290696,1.178635113895982,-0.24713571615759689,0.9564816433545787,1.0092334905040092,1.0276122385353277,0.8649903180014676,0.9168899234062373,0.813009067451522,1.1523445195793163,0.8215913023216056,1.2604049175834555,0.8912744278471091,0.9681779275345992,1.0534838690199744,1.1413488495801323,-0.1303645892456249,0.07328424468280409,1.1180941187106068,0.9228525413166455,0.7139604361215234,0.6511576071531856,0.6277662489234282,0.362170778495391
5.876874288550723,5.930391407529452,7.566289801731498,10.39834352228143,5.564995287672986,-1.2416141961284888,1.6604244401706802,3.0309011454791155,-7.14842052387921,5.738305591134536,-0.19392324589250673,1.8976262791555352,-0.6881104482815781,4.038525070502988,-0.9981702809530212,5.687128529209797,0.7230232693295001,0.0034825537937321965,14.619182738636754,3.751379457309052,3.210297560078402,4.94997859936357,3.6940481034009016,6.5951689133801485,7.329485363636453,7.968907428356217,13.755974927042741,2.2787374036643984,0.28694179875673004,3.830749205659313,-3.5204677195788188,6.503926735652071,8.575147459068223,0.9200176601987221,7.972166883037653,8.89453148556481,6.857708851792755,6.619909355891771,11.241611053856543,3.2539544705725616,9.218758879900633,8.549842481045596,8.630068661013263,3.7674147276877603,1.5047056168328317,5.361936986461684,2.6245287295212805,7.427730222200466,3.596893793662961,9.793069791121036,7.442668348892692,6.088269054015096,5.116302753425145,-5.8004242106233415,-5.82828732933647,5.184211867283169,1.8374190002827824,8.22103217767002,20.03668096483394,8.90370204333762,14.278490229691828
3.8656389492216365,4.142616055541611,3.8910690869964046,5.0287220420915,3.8839358066939518,-0.24707845040077658,-0.875682869692933,1.3491536855873698,-1.0905494246739196,1.6199825924407296,1.5157768849172977,0.08424812001446925,-0.026440730476082308,0.7309105197664622,0.5704143946122244,1.4973538610014976,0.6664453187652877,-0.2515867956402967,3.751379457309052,3.2935379693561804,3.2070485493887677,3.404763123383848,3.504873655351648,3.869675167011477,4.057696780463112,3.5746484756861667,4.800375192226942,1.973767760670457,1.7081661355853512,2.21403846149395,-0.1323726013103716,2.626140645043776,5.838540316559319,1.4131843143271923,4.094691821634059,4.736442549597609,4.071011851741554,2.6268750390822615,3.768694005010741,3.224460935600535,1.8858945322814757,1.8814666054655056,1.7943920483978018,0.5710895036981808,0.4774375978908749,0.9565396512737718,1.0351215346388887,1.5311794865550576,1.532570043787871,2.3870433702590454,2.9261741053407344,1.139221817742191,1.3352961754841763,-0.7910802961211968,-1.2986241561027783,1.052940327429246,0.16762019916066426,2.216492087547688,5.158474506365738,2.3353141261326185,3.789984852518608
4.098834465473164,4.9735776009190475,3.8170215943579007,6.06303017072281,4.3652761850217345,0.23745207470845975,-2.512254638300652,0.41106473055320025,3.589759404490399,0.2644856443759186,6.575189613156228,-0.3792209793805522,1.2895396228423024,-0.1357563019242494,3.338030743789493,0.6811358153397277,3.7188216967757524,-0.05696944883840622,3.210297560078402,3.2070485493887677,4.928904101904373,2.6728501569658936,5.714472143247862,3.365485464735234,5.811442836050374,3.0097276556886765,4.570474128795701,1.4156045025942967,3.693506537609625,1.1438695021019365,4.345812337064813,1.3393159068575324,9.027059558246155,1.8143481782613264,4.126208579626389,5.142837385556222,5.029955579504717,2.348676495484405,4.3745621313270435,3.686415115516245,1.64955601358287,2.2345597573198726,1.8952205098121104,0.3462835053892668,1.762307688978082,0.3951551940503861,2.698671543143492,0.635427427784396,3.447455109847323,1.4802463756140622,4.6970339478383245,0.9753982552717148,2.2962787464752696,0.23064505409859537,-1.101310077271852,1.5032161253847687,0.5761413178200633,1.6288979660888252,3.4983639670079967,1.1336265325505472,3.011487016941088
4.152904748171501,4.01464266403437,4.727211373577392,5.120082820600068,3.905884527852822,-0.6440960793166381,-0.012576759449654468,2.2607629742981183,-2.751141917494314,3.100414203461105,0.1928062598363632,0.6035666316667744,-0.335626008147473,1.7045575434900413,-0.14122516169453547,2.6186619593287657,0.2510783274354518,-0.20971787838014913,4.94997859936357,3.404763123383848,2.6728501569658936,4.109517700167061,2.8080370604954576,4.766219448020416,3.7357533933705183,4.765725879792393,5.456151089684811,2.241921983521533,0.9371377554363636,3.135930593166912,-1.7012039798817198,3.9700149040222774,5.00223319335566,1.1694194461434073,4.679488921573291,4.943118358318606,4.292229913483216,3.611600373278124,4.157669658682159,3.056578357952418,2.823812751204986,2.4869060237706666,2.543266341064255,1.1939950118016263,0.2962603230595672,1.8708925240540648,0.8470248394376221,2.7430869417246506,1.3212406893311772,3.752132670451795,2.932181770220227,1.8748168268234937,1.5363193491698972,-2.0442788534479286,-2.036885919958587,1.4633422328973607,0.4095784480604295,3.27469646345655,6.756689252237045,3.8031821171403895,4.956071436709103
4.639957566760835,5.850595310674939,4.2694751525014585,7.332208233968638,5.03628524224367,0.5400897031184931,-3.4800315457938154,0.36980232603506935,4.741143210971062,0.08064716797772567,8.122319197981074,-0.40645495822314265,1.8851277454241278,-0.17276200375205247,4.531989782435773,0.8251799381952756,4.556217036276354,0.0903424477968902,3.6940481034009016,3.504873655351648,5.714472143247862,2.8080370604954576,6.9771099235782295,3.676478613344436,7.252672020834279,3.2057771858778317,5.610620891114673,1.3985510821169183,4.43796585319708,1.0581489046008228,5.345365772912535,1.255692567718653,10.977272391661371,1.9201878714253635,4.715312437252626,6.128412110147163,5.650170408150773,2.593455038350311,5.518072452311372,4.097263635865344,2.0795363495994192,2.761891515780091,2.384320807525464,0.5596873736486746,2.415122110612298,0.5653159944217813,3.58575671168739,0.8195806185266145,4.436614717903672,1.8279621301567033,5.589243106875394,1.358285401514669,2.937183744400982,0.39799188692445503,-1.3074333182813065,2.0127111043888966,0.9188619326624781,1.859015898886541,4.41948278134476,1.2281617452789335,3.097371747983442
5.0163541979509265,4.804247869939655,6.24943591648146,6.6707028300955535,4.620829855630324,-0.8116666750355979,-0.25581385950620544,3.201748342537314,-3.0696781592526476,4.4070430552420286,2.4015415894202263,1.1212064377335857,0.04769748372866948,2.696912211983049,0.6089002965495866,4.424235198595446,1.269207000580778,-0.0029635209879327355,6.5951689133801485,3.869675167011477,3.365485464735234,4.766219448020416,3.676478613344436,6.3622579187051524,5.375545452690645,6.41990777743321,7.348292024843411,2.445472236300381,1.1945768137260615,3.943790357751383,-2.230423164306021,5.231065120160783,8.556009067100987,1.2998198047038692,5.793709783763719,5.997262765770122,5.711258633322473,5.913501645784657,6.914888226216633,3.4779695763557,4.675594161611062,4.177746606350086,4.352027012224313,2.1733391340233,1.0004381865792602,3.093777116546318,1.852837092571764,4.416422223323591,2.524517788385672,6.203819534685404,4.827829124081327,3.2618561182479184,3.009761920467921,-3.523663616533149,-3.7130490399398868,2.775622016187478,1.2179781344612695,5.408646845297795,9.740380905695988,5.757949778648655,7.514047541364842
5.850116461777098,7.149196809003213,6.089655981909512,10.748986193624706,6.144152395417598,0.168007213331314,-2.717955578010893,1.9266806988344078,0.15571163740615768,2.5361823100166854,7.718413290112761,0.6121459979924603,1.5015583340477736,1.686288335417528,3.722124188400318,3.664195591685049,4.316276251369436,0.23201213855977637,7.329485363636453,4.057696780463112,5.811442836050374,3.7357533933705183,7.252672020834279,5.375545452690645,9.81923001611729,5.025590875556107,10.538636978112052,1.884193779347344,3.504103555568712,2.25873695582494,1.2875058571072597,3.2769847509011902,15.426695942389726,1.821055829137144,6.531676311290197,8.584691613237295,7.323213752878269,5.407270172450131,10.327824820652939,4.376252792818071,5.315219938457033,5.513925678911299,5.3802830743633985,2.242248297695999,2.970036249932387,2.8398963937287096,4.1989415473467915,3.7923504573765423,5.329654713713998,5.7242263900257075,8.098881132852608,3.7101004621053892,4.666621330425168,-1.468312229644149,-2.6302384105299064,3.852330652433503,1.7883667851587148,4.85404525537738,12.849798498048962,4.534725604896622,9.071451433573927
5.022540333247194,4.548917810867638,7.089899479394722,6.41428472416526,4.480557932906041,-1.2820421743407673,0.9593697151826013,3.340382799089591,-3.395397427756454,5.201744028840128,2.437245106692934,1.5051552362247342,0.1298510410071492,3.3436621063640297,0.6738353143755232,4.778944748471601,2.061603754373056,0.13589386954128704,7.968907428356217,3.5746484756861667,3.0097276556886765,4.765725879792393,3.2057771858778317,6.41990777743321,5.025590875556107,7.593073913309771,7.704785565578872,2.2642837675662,0.730502414997058,4.062564063541631,-2.456638920724469,5.892648057404522,8.943854786951743,1.019085483501769,6.222735320748009,5.929778075295788,5.764602984941134,6.207294006702975,7.866556341806789,3.1367513358409616,5.762342492364944,5.3328525667017574,5.4377956088710935,2.779526712307378,1.2921292615379403,3.8413334071141256,2.334494691389395,5.247855668019483,3.0987256774961724,6.908270164258256,5.701842522019972,4.065369124359286,3.7692928602395055,-4.630858197137356,-4.51456097831958,3.548724741334646,1.6041723100166054,6.347522807143784,11.16915639066127,6.754770730534606,8.632002830235574
7.016026914103332,8.023268920258248,7.738550042456231,14.35941593069567,7.117124556617169,-0.9592330601955041,1.0154843006567886,3.3182820881783295,-9.947256152328464,5.339760946857274,0.5719769325829314,1.725108368300893,-0.7067163778314598,3.9534149279481725,-0.860076918129493,6.193474115758853,0.6212853491751669,-0.028223126447815244,13.755974927042741,4.800375192226942,4.570474128795701,5.456151089684811,5.610620891114673,7.348292024843411,10.538636978112052,7.704785565578872,18.414276700174543,2.833138483925036,0.789795667142207,4.017236770892906,-5.979370384150821,6.362184477384252,14.719946370171263,1.5062190572989564,8.727611966931896,11.327457629351859,8.36379635928009,7.346382640537239,15.663180930352715,4.436225841870996,9.649162133320557,9.073759236906795,9.161594751397939,3.9908512453636877,2.0115760346633147,5.547338241692476,2.987082693029061,7.746743780511869,4.368859965194395,10.762924247857548,9.381508214487306,6.40492170215426,5.534834872911479,-5.4646272750955545,-5.210428781348003,5.524149416408723,1.9744512108855574,8.958561092884189,25.58299833865783,9.33242895532806,18.390483806951256
2.1010459804397352,2.1389295529020744,2.2108336039022594,2.534998470010091,2.062259938126897,-0.4022013380375279,0.07101059608961843,1.3514161757878922,-2.321589480502965,1.7444462206235303,-0.3128955552539459,0.25653789565647184,-0.5401229721451745,0.856786840122205,-0.6472301711288956,1.2908670666706108,-0.281460868038921,-0.2645014105964503,2.2787374036643984,1.973767760670457,1.4156045025942967,2.241921983521533,1.3985510821169183,2.445472236300381,1.884193779347344,2.2642837675662,2.833138483925036,1.5105251880587283,0.3474197915861703,1.8574671965723835,-1.4908804895175776,2.121293604941621,3.0502397579375424,0.8103838162429935,2.2548929800235853,2.5576692033335227,2.082353220267495,1.837862464485368,2.2529920117356004,1.779833876261368,1.1459307521194817,0.8962423270826381,0.9848974170264847,0.3842113178319438,-0.1803768923797848,0.7760127904961098,0.026065033513438276,1.2436421054799867,0.3037882325015929,1.7778145396671388,1.1840262518975937,0.654146413670582,0.40910783431105324,-0.8044430360272816,-0.9646667605691537,0.38176276215076127,-0.1314858214561013,1.538509275145066,3.590628682794319,1.856144012585637,2.662183080347902
2.1614768108873137,2.8531615476803296,1.6874350925033614,2.6544449011301294,2.450890770660201,0.8076664971331151,-3.0548478819050064,-0.7864695441230549,6.930897623068539,-1.473421063395985,6.791968360613115,-0.835065877767601,1.85662080772003,-1.24217443467762,4.201372756229549,-0.9538054321952236,3.976397564252798,0.06935380126744604,0.28694179875673004,1.7081661355853512,3.693506537609625,0.9371377554363636,4.43796585319708,1.1945768137260615,3.504103555568712,0.730502414997058,0.789795667142207,0.3474197915861703,3.775431950911121,-0.3386371082821616,6.682249969308285,-0.7548328513307754,4.544669292569052,1.2929592754510477,1.8546015994515417,2.3334545028778897,2.903543688383063,0.1541937717291896,1.1872323774474114,2.341666550391191,-0.19453069631934375,0.5948140719858745,0.2067394194296137,-0.45385335127650117,1.6592410095010326,-0.8397801568182739,2.393249390166397,-1.0982212369053341,2.8351095703670235,-0.8407321663568098,2.933647047032174,-0.20945309088945618,1.336882803610571,2.146178937393914,0.7315773419868697,0.5993196327672923,0.332939962010993,-0.7693778186595204,-2.0577573408551637,-1.2948834348558327,-0.8932258776938952
2.598770376188446,2.2335325369726142,3.548831083665259,3.0908165923461177,2.2516935243713494,-0.8987191893510584,0.9394011158767731,2.94259437354311,-3.7335026932569773,4.059128578438032,-0.4079094084885344,1.1072196468216942,-0.549583103662102,2.4601614010545423,-0.8203506798167712,3.5317670216859187,-0.05786000741366249,-0.06466343063786689,3.830749205659313,2.21403846149395,1.1438695021019365,3.135930593166912,1.0581489046008228,3.943790357751383,2.25873695582494,4.062564063541631,4.017236770892906,1.8574671965723835,-0.3386371082821616,3.2889783228285343,-3.1238222470114505,4.097287027451561,4.234793656820515,0.5965732891342854,3.0873161863044487,3.0036004224934136,2.834990791560565,4.067121077015463,3.654889311066546,1.7103106882445334,2.8813354500629447,2.216818846996678,2.5527289860709463,1.5482685317390876,0.061907581576960316,2.347738292927776,0.38293602544112515,3.3475360939262937,0.6846625666176851,4.485827429179485,1.9346515199279333,2.074118933270998,1.3442803359420765,-2.280280248687375,-1.8992974189312448,1.4355353250607683,0.5954066652902561,3.7135154369960794,6.231835712310924,4.390341690630593,5.076965674130067
0.0013395759767303463,0.747168360825282,-1.1509238494077376,-2.433173744861206,0.43107023626183627,1.900390375471866,-5.095869107436661,-3.473150098600642,20.174724967408732,-5.312897336591444,12.874383414796231,-2.1142417183545397,4.2092165441702525,-3.8088765746832944,8.89370153345514,-4.708836643751146,8.899633708354468,0.3610009041882048,-3.5204677195788188,-0.1323726013103716,4.345812337064813,-1.7012039798817198,5.345365772912535,-2.230423164306021,1.2875058571072597,-2.456638920724469,-5.979370384150821,-1.4908804895175776,6.682249969308285,-3.1238222470114505,19.64311471033267,-4.712128740884267,-1.9633995024258468,1.1308866182256503,-1.0399137262408873,-1.3517943108333283,1.1407904466050487,-4.015949278537455,-5.547032478131663,1.350517703561815,-3.206688566111175,-1.2271390135483449,-2.19980684722304,-2.2150224560846716,2.8101658965158,-3.4277877390658684,4.039238770204024,-4.620812102172789,4.667516835102531,-5.449271946033655,2.348613211472002,-2.4208068136812084,0.8022958221265295,6.392839132896895,3.873003273468517,-0.5487876044406097,0.0844828402943866,-4.913338705357209,-15.416881128245802,-5.700198163270479,-9.947967840851934
3.4446457539899296,2.95963000112073,4.992565713986158,4.8684753284768965,2.956288758093453,-1.5360963597465849,1.8411054473097535,3.7121919982844993,-5.616061030532563,5.706054137369067,-0.7171664400623217,1.6985676459669614,-0.7145475835967056,3.654405415031963,-1.2130783207916047,5.067641313810659,-0.13575800780081973,0.05854577921481753,6.503926735652071,2.626140645043776,1.3393159068575324,3.9700149040222774,1.255692567718653,5.231065120160783,3.2769847509011902,5.892648057404522,6.362184477384252,2.121293604941621,-0.7548328513307754,4.097287027451561,-4.712128740884267,5.915223750180616,6.209191272536082,0.5455750573490026,4.381341228932922,4.375896689476288,3.7350663112351454,5.716916127543572,5.821301074625553,1.9775134886136616,5.0602045422310375,4.0475270791195905,4.48160262940164,2.600644327915408,0.5418488306525392,3.844660277924817,0.9236114078601073,5.299666973152584,1.2562865544637127,6.741909742732318,3.11698075865094,3.620099895806528,2.495727821714783,-5.133807354142458,-3.983894098998498,2.7110936634748355,1.2247102735387887,6.198164986908244,10.035853613311824,6.895150668844825,7.479739170451842
7.846615494294009,9.757526136033224,9.524740240457756,14.992724849683322,8.17873124301588,-0.4136877555661257,-3.2462814555886603,4.440966128814966,-1.3210353733692597,5.574976917586802,19.454812518040725,2.2723604322251587,3.129300505118241,4.688118659944243,7.375300580067434,8.194840823408876,11.184234383088832,1.0933302477229523,8.575147459068223,5.838540316559319,9.027059558246155,5.00223319335566,10.977272391661371,8.556009067100987,15.426695942389726,8.943854786951743,14.719946370171263,3.0502397579375424,4.544669292569052,4.234793656820515,-1.9633995024258468,6.209191272536082,42.09256498674214,2.9551513004022807,8.051683714794208,10.682374050587082,10.544178799344326,11.593522023505756,22.886100040212675,6.3767510965092224,9.752444317313882,10.134272116739936,10.087125709915833,5.539737394410001,5.439157367545964,6.581294442462061,8.334396130484585,8.162604347487182,10.701393189205568,11.588858153540508,16.31354912644357,7.803192067907398,9.607571468546313,-4.584708039722929,-6.9319560182137945,7.642825485307121,4.249544152992204,11.203813831399685,24.311542735101376,9.671043364617063,18.223657770261546
1.5051162533553517,1.7956460695275984,1.2992586404256878,1.9637374503776683,1.635406621102544,0.024623883132648596,-0.7835943581534314,0.19463877813653876,0.6177358092627825,0.11071835119191516,1.7946148290215538,-0.2830115292071666,0.06121773473578669,-0.20797176234479142,0.5504620581356882,0.06293956181130558,0.7114902542126001,-0.2183971775359691,0.9200176601987221,1.4131843143271923,1.8143481782613264,1.1694194461434073,1.9201878714253635,1.2998198047038692,1.821055829137144,1.019085483501769,1.5062190572989564,0.8103838162429935,1.2929592754510477,0.5965732891342854,1.1308866182256503,0.5455750573490026,2.9551513004022807,0.9053876431961901,1.4097521397539643,1.7773534378630131,1.8135116776370097,0.7722638239860109,1.2981189804521842,1.5698640335840202,0.19043357057612773,0.3352620793543416,0.25102844631907667,-0.19626285235531266,0.19257701535229885,-0.1591057460165873,0.3917917899368836,-0.06649892959530596,0.632230791239658,0.27402346309006276,1.2643591841933273,-0.0505831644645289,0.3201934190602549,0.33919107018972083,-0.18616182806330794,0.08885583923892051,-0.182621167351042,0.35039181875998476,0.9585897546337661,0.19100072186945932,1.303305230748769
