0,1,2,3,4,5,6,7,8,9,10,11,12,13,14,15,16,17,18,19,20,21,22,23,24,25,26,27,28,29,30,31,32,33,34,35,36,37,38,39,40,41,42,43,44,45,46,47,48,49,50,51,52,53,54,55,56,57,58,59,60
3.2575682264243992,3.716709237316254,3.193049766500048,4.190246888110423,3.417682153519852,0.4300746978443502,0.5565231684492067,1.2591169881028659,1.3702645952531385,1.5429873564524017,1.942030544165362,0.29602647162883294,0.6882773949107827,0.8382662423570164,1.4808583769650332,1.4650688585961922,2.0334985405883743,-0.04874150040065246,3.5165807122867845,2.687264682208152,3.24937448435511,2.9075186836337474,3.5778601409725668,3.3097130166067172,3.75803477221084,3.20814904477067,3.9676531947221494,1.3200748659063017,1.9934520922232482,1.8169443778160534,2.358115240465726,2.38019477996328,2.564958675362995,1.321698662968011,3.317290487883381,4.061584574127217,3.6038754678304024,3.011168769739443,3.4092816408909563,2.7322727756248857,1.9118960261331976,2.3061914796886143,2.3046252777832184,0.4405564105768182,0.9382114156271694,0.8200473164096739,1.7928666594409088,1.1378991701528287,2.047215116495173,1.5475390136194045,2.5694180251903704,1.1490117776815443,2.16314412862373,2.7316188948502838,3.9317754311582775,1.3499670405709654,0.3435329219462356,2.11719353628071,3.0889115072093274,1.557815081923402,2.6670119282930758
3.716709237316254,4.3360554364621935,3.6267410060888112,4.922507040264282,3.9427741646753973,0.4997021030660686,0.6123638458146219,1.3003463363218741,1.6004925431821704,1.5951981950638168,2.295300972427323,0.2261404041789276,0.787017719718937,0.7812213260293849,1.706261735647053,1.498348754585647,2.342743103328275,-0.08219986951221059,4.04322601172563,3.0465452868235463,3.795422950530772,3.2778328860374804,4.231218077391467,3.7325905932165817,4.452993982410345,3.582496073399245,4.714083227608417,1.4596315783506255,2.368959578522528,1.9641192469452629,2.7768996803168013,2.642954022816943,2.999664231265895,1.5329046371506905,3.783952866990933,4.727733313370157,4.136951439671074,3.3558212612425633,4.029039096691163,3.1384560345997228,2.023683208082368,2.5124487727909934,2.4867398328708994,0.3257407301815969,1.0316386633082244,0.7238771380989686,2.0051950226778117,1.0493318204893245,2.308805485919356,1.5412763869330346,2.9113668735230913,1.1235599566957126,2.364434042278579,3.1318434913379756,4.545348732254768,1.3936124878864575,0.279073406943412,2.3170365915137268,3.6866244084182487,1.570183109304436,3.1679969768677867
3.193049766500048,3.6267410060888112,3.617183144369269,4.793893091047595,3.243320057457168,0.3311010615096333,-0.18660868934173966,1.730139894888308,2.024975118546532,2.280217939576159,2.8079427969528234,0.8031605317482162,1.1705219285651394,1.7338438489317551,2.361325954518502,2.521673411477381,3.009773690085767,0.23918099522856076,4.870925327563304,2.4332725522489826,3.0146757949597975,2.8280299012560124,3.574138941266011,3.450091649732011,4.0595458997928375,3.617793688846795,4.685588259235909,1.2109752689969064,1.978807045100314,2.048373441358298,2.6751322171844456,2.757029278271722,2.6749240137908963,1.0171787120370595,3.484783188307734,4.385017603403755,3.590763682619825,3.5358382806870456,3.891600422519331,2.393296617136135,3.6588749825589635,3.9668992754357966,4.015770378744075,1.5315721895283498,1.6026712937852432,2.0402295100472703,2.8464599938971213,2.589652860760082,3.30678707663218,3.2826400567214384,3.9030903555946868,2.5996336734768972,3.478123774174886,2.299400373894389,3.107147053322126,2.7924821738841397,1.2545110301520424,3.3610561800943732,3.8859137803541803,3.1082304133727083,3.7551356258217083
4.190246888110423,4.922507040264282,4.793893091047595,6.689469718069711,4.302410219778325,0.39677587421002736,-0.39472637379235587,2.1233911670538705,2.7895750701597275,2.8167735608356703,3.9558094172057854,0.9952261256413548,1.6185671581882286,2.1800230230344644,3.266534929545824,3.2144535218632058,4.146416511074321,0.32361084700520487,6.77726578274916,3.1193075161752044,4.060565985597073,3.654454811853869,4.953997241108859,4.494394909953811,5.6449831151052425,4.6792073961794545,6.596010121829719,1.4804752873905365,2.7466783110974724,2.535609588859905,3.688400701566474,3.5697346479694647,3.618807171088488,1.3069038890428808,4.598168911081928,6.002803793020525,4.70537449150316,4.580125414889767,5.306276201039748,3.1130739876851123,4.930714197725594,5.390060109109465,5.448226868298364,1.9629417211820335,2.140290770025484,2.5982505424120026,3.883647622868606,3.279679280027022,4.552916844984979,4.271781679215935,5.38188340991289,3.4324688776021306,4.68704879189036,2.8944581760080643,4.0318507138406074,3.7569092231228245,1.6574292162141182,4.511811801780159,5.462362207188303,4.036475510418626,5.366287612368311
3.417682153519852,3.9427741646753973,3.243320057457168,4.302410219778325,3.6295736284749385,0.48379368578729526,0.7270966108318972,1.1577027297495217,1.3248293175443824,1.3932303350630852,1.8907227951525822,0.14499492850227802,0.6227384022839828,0.600836726273917,1.3773381428788436,1.2313371488026916,1.937328515539553,-0.12324060595114908,3.379003928033373,2.8549665351518385,3.487641072663186,3.0341790933809767,3.8045229248892967,3.4095405338905125,3.943717851097124,3.2388223069347615,4.079127362187035,1.386077490751111,2.1317746835882714,1.806478336444117,2.4449588788047882,2.376438715759862,2.7057771946576654,1.4617498674386253,3.435102197375412,4.210624853944841,3.7961558351487676,3.0102317178405698,3.562374077301705,2.9396966803242415,1.5419583123887248,1.989154457828478,1.9593637575527458,0.14025858784394066,0.8324346078471859,0.4936019563513909,1.630260312444506,0.7657385432711414,1.856634140085088,1.1465500420775108,2.384156549780119,0.7953627438599176,1.9265106961011886,2.9722722684952743,4.3102606915057695,1.0243887161473753,0.1100730999181037,1.8973564498763082,3.152620138747782,1.2048180181974304,2.6113831689647644
0.4300746978443502,0.4997021030660686,0.3311010615096333,0.39677587421002736,0.48379368578729526,0.30726813702733624,0.3278107561145733,0.10256249228040808,-0.2879407196264693,-0.008532964145444145,-0.2527941630483771,-0.18970069371572854,-0.14401354211154344,-0.12260465160633462,-0.09389410396597161,0.03519097282656463,-0.01274725332002301,-0.1140504257750937,0.05161490769410615,0.35111297790747786,0.40317463864273134,0.3190676078212144,0.3332507558711365,0.3943317097129154,0.33467205565978875,0.3813610677052169,0.1647158183649632,0.1849144190258697,0.05796616885657831,0.14439270181770952,-0.1173344342262116,0.1823853441025849,0.21168055198935587,0.19920727529671936,0.38388714584927813,0.4904871621029781,0.5796825101787846,0.3525165762923093,0.41496426074795906,0.3653421606228303,-0.23047809777059466,-0.09253186403321734,-0.14417267317237736,-0.3403837711328743,-0.03569943839952209,-0.30349426744248426,-0.047425622881178735,-0.2749565807631358,0.016247349451949816,-0.24155460736267853,0.15900758286870662,-0.33519502677662694,-0.012019289032875365,1.6991188065886234,1.7616145237377243,-0.33704861561227534,-0.3363626462374151,-0.04023602024238955,0.4048921513445003,-0.217068746551684,0.06168912116685958
0.5565231684492067,0.6123638458146219,-0.18660868934173966,-0.39472637379235587,0.7270966108318972,0.3278107561145733,1.547656128458695,-0.43624267766388763,-0.9523677545277391,-0.8543763342520339,-1.132345357229153,-0.6765689402310998,-0.6565419729123603,-1.1141898138832167,-1.087725811270589,-1.2058749375564919,-1.0535056779199565,-0.42973868735094656,-1.5939122966182255,0.7299643724600272,0.7123898991822543,0.491127574327422,0.3391680714020846,0.28441062905624315,-0.05546185012827651,-0.0526606696447744,-0.7608246558294857,0.3426834871450988,0.10276347832640913,-0.09258302494100555,-0.37744023926501546,-0.22448016145422922,0.2689198263536501,0.5757540173508785,0.21009290244681136,0.05696359022252594,0.5810957456707672,-0.22344326807154474,-0.14021619209710487,0.8367492297881264,-2.175246852033538,-1.9005449690341736,-1.9785308356457734,-1.5157142789835267,-0.7029096198445008,-1.6153718139143936,-1.1975809736214045,-1.8762453731649902,-1.4031295853797845,-2.2387282794981265,-1.3484637065920353,-1.9061237589279616,-1.4241693189896247,2.1274224955442467,2.836552254373336,-1.88474073221683,-1.3225909784252454,-1.5098408564444221,-0.5258521017001168,-1.9707187636196788,-1.0015689794964084
1.2591169881028659,1.3003463363218741,1.730139894888308,2.1233911670538705,1.1577027297495217,0.10256249228040808,-0.43624267766388763,1.1652710954909087,1.036879001674373,1.5431708919027824,1.4391025733585086,0.7529048228196923,0.7076744313281342,1.4619823523368205,1.400813688042926,1.8808803040355837,1.7209908819911446,0.28549479979479114,2.731370726210859,0.8515558797277001,0.9457328171761238,1.1439547831284154,1.2188194111902828,1.5419380037513852,1.5649967528888442,1.8133175008984954,2.0143786502271674,0.481371640450046,0.6056412887915897,1.0924239705173706,1.040805527127669,1.4233677779627216,0.999915391542374,0.1830609054750681,1.5048541838688245,1.8671223039804108,1.4125721716757307,1.847040262529519,1.613267129227358,0.7251470137687022,2.710142370253682,2.7534870236980042,2.8383075239638615,1.4673692561717853,1.0632680234098744,1.8007546725712809,1.8097759768831712,2.204828140545458,2.1194250196177165,2.6214727316740407,2.425266082080862,2.129014008616646,2.3288724505454996,0.9526011654152665,0.9750229140876738,2.142377990199161,1.1493366519706678,2.213654158993512,1.82836548298734,2.417639232842968,1.981792960654432
1.3702645952531385,1.6004925431821704,2.024975118546532,2.7895750701597275,1.3248293175443824,-0.2879407196264693,-0.9523677545277391,1.036879001674373,2.427263653968505,1.7648642517957935,2.9432162319051063,0.9017503599463853,1.3103369789638908,1.4750199284501393,2.253171280263173,1.8740998214363789,2.62963948971458,0.45935029916882053,3.5537602220119564,0.9265635790733712,1.3691375863583068,1.2406004083773428,1.982212805450589,1.6250091698025604,2.5229210814652117,1.9005275297379518,3.36947450447525,0.4363480920125633,1.3996004453361788,1.1437800556296194,2.4211671966065564,1.6108324882107121,1.7659181967264201,0.29814834356555964,1.7692121627660704,2.2309177067413217,1.572023586512289,1.9766833369341483,2.6482394032964165,0.9074604322506771,3.265657034099402,3.240624967145407,3.2994983523084405,1.7811138452511899,1.4960155177609533,2.070500955506627,2.3840958620852954,2.496131361386863,2.6636631192819427,3.065259157879089,2.8058568636044394,2.5929394185929544,2.6997303039545826,-1.43188969324532,-1.1806019086908348,2.7687828824104113,1.6282104150072858,2.6414081602231305,2.6046201459479725,2.856649050995,3.0596678035708953
1.5429873564524017,1.5951981950638168,2.280217939576159,2.8167735608356703,1.3932303350630852,-0.008532964145444145,-0.8543763342520339,1.5431708919027824,1.7648642517957935,2.176382519058017,2.3016789828479483,1.1059702020958144,1.1227695004082798,2.0416397111271998,2.1047951032912025,2.5783500781685116,2.515692742194235,0.46536883692740705,3.802068876696182,1.0100352721894206,1.1744660968403067,1.4165192533361677,1.6208913730119758,1.9428352652517609,2.152113726479578,2.346649195511313,2.8909146707697384,0.5748171628855311,0.9112937753767051,1.446646887101223,1.6722277169472792,1.8952208778354684,1.400239285502503,0.1824476463943527,1.9371579539923611,2.3885994428447477,1.7456771303325174,2.4213199665766103,2.2775690859938225,0.8495553653798501,3.8603384260663045,3.8482283802080324,3.962708692006216,2.1705882202216342,1.5527656021837708,2.6049087627975984,2.577828093908951,3.1686242317619664,2.976598016821964,3.7647849137866762,3.3037287840150324,3.0876808209953626,3.22674330595055,0.34299107049733507,0.3063330480027316,3.1255117732330993,1.765951341001823,3.1044198566252925,2.506943091831983,3.470099902505445,2.8334238153385156
1.942030544165362,2.295300972427323,2.8079427969528234,3.9558094172057854,1.8907227951525822,-0.2527941630483771,-1.132345357229153,1.4391025733585086,2.9432162319051063,2.3016789828479483,3.7375710860737796,1.1796044251770927,1.6647051306251834,2.0215530066966525,2.959262105795467,2.603556171445618,3.5079749341314197,0.5819069331167301,4.926107157717521,1.2770049070083334,1.87416331514733,1.7183963483861515,2.6921501335780946,2.294904107320257,3.415505151916018,2.666528579394975,4.508985373300239,0.5871550359538709,1.7580658082286136,1.5196551981338988,2.9802094011056313,2.198121410883483,2.331041048652728,0.37610221790154374,2.4575961506282793,3.2056945018781637,2.2171733721358837,2.759354357567586,3.5325487314693995,1.235979051615073,4.483394549062916,4.536064194777504,4.6228847044810975,2.353020869054866,2.0007310780063174,2.766243926674179,3.2588936673169395,3.3368568974006383,3.710835644974066,4.12464074026783,4.019832555977725,3.490877661397205,3.7880038956225195,-0.9507408673488071,-0.6267577480139885,3.722454512180503,2.1054570043227727,3.6263227672118794,3.6827607639810207,3.835569442841995,4.245967679383846
0.29602647162883294,0.2261404041789276,0.8031605317482162,0.9952261256413548,0.14499492850227802,-0.18970069371572854,-0.6765689402310998,0.7529048228196923,0.9017503599463853,1.1059702020958144,1.1796044251770927,0.7688041727836603,0.6382676699236647,1.267861207618502,1.1139870309593058,1.4323836480956782,1.2705851566732673,0.35090516718375425,1.8966640192370396,0.06484061358097507,0.03874419242988888,0.3170758938558325,0.29315061273511667,0.5666160303798914,0.5828195457790742,0.8359688024859597,1.0752969373805998,0.06567464411482139,0.17569950399592688,0.5542895115964156,0.6280056179004445,0.7522198691911289,0.3629337810483052,-0.20645434859771816,0.5387469230497239,0.6977137231226188,0.26971908539894773,0.9245985724212333,0.6346645489773104,-0.06270115867611988,2.3434418190242203,2.244311321877105,2.358989207610217,1.5008973606694245,0.8622652981895448,1.7118775431320512,1.4157195958564481,1.9986299898961493,1.6255455563643741,2.2903385064658566,1.7391145098237741,1.9961752295671655,1.815342353240073,-0.6825429780947085,-0.8760688094003964,1.9868030635646838,1.2285632414535612,1.7018717703558606,0.9387027858534766,2.085805154902646,1.4175504895171376
0.6882773949107827,0.787017719718937,1.1705219285651394,1.6185671581882286,0.6227384022839828,-0.14401354211154344,-0.6565419729123603,0.7076744313281342,1.3103369789638908,1.1227695004082798,1.6647051306251834,0.6382676699236647,0.7835918912626707,1.081460485434407,1.3855884824285678,1.3387336010386937,1.615259412161952,0.3205989791366341,2.254609595028054,0.3898121372404614,0.5932237774238004,0.6152702016174528,0.9596849308469294,0.8959692858622649,1.3200730475926519,1.124402606035534,1.8600579934698247,0.18706842225481,0.6331252728308076,0.6569411135822314,1.2041691544185522,0.9472807093705127,0.8887853220617745,0.03223146026854909,0.9539749832963028,1.2543351194884031,0.7919284734518799,1.1972692447802766,1.4231685504254918,0.3386909816832031,2.273871540388211,2.253722374864577,2.3104172679744917,1.281982646253496,0.9721908292999314,1.4822664117649793,1.5643480782489374,1.7733433553739772,1.7906075730142377,2.1460843616971417,1.9233379347694979,1.8232023172299372,1.85914423926422,-0.5852461920321466,-0.5871000462746784,1.899521348580069,1.1196419289388018,1.7713391010390904,1.5745493849016194,1.9757908547811578,1.9068707539669978
0.8382662423570164,0.7812213260293849,1.7338438489317551,2.1800230230344644,0.600836726273917,-0.12260465160633462,-1.1141898138832167,1.4619823523368205,1.4750199284501393,2.0416397111271998,2.0215530066966525,1.267861207618502,1.081460485434407,2.255009008519425,2.015358162255553,2.6865747723717357,2.3575556812100493,0.5685886241107405,3.6158358352455657,0.33821929522192873,0.3503653074196201,0.7872715133181225,0.797902710804122,1.3127548901560364,1.3534522600862242,1.8087214625721795,2.174759016473697,0.23537822098445765,0.3700661076965713,1.113288014952469,1.0792254782275226,1.5168388623929,0.7914047856714618,-0.25464400401700293,1.268260120367346,1.676153808324771,0.9088349985895211,1.9555333677356337,1.4887603586642724,0.11564660083813327,4.190521660117885,4.099416028454274,4.2693712846103065,2.5261595125274585,1.5584745035406442,2.9403404953601284,2.5969030652349074,3.4962517494564644,3.0455714082239367,4.086762525680655,3.3584433225564845,3.452736069228481,3.351670991463876,-0.056620387227406054,-0.4163486266791397,3.4368346713742675,2.029505601827797,3.1479980487418167,2.0638303541678362,3.7171721030230853,2.679175090379333
1.4808583769650332,1.706261735647053,2.361325954518502,3.266534929545824,1.3773381428788436,-0.09389410396597161,-1.087725811270589,1.400813688042926,2.253171280263173,2.1047951032912025,2.959262105795467,1.1139870309593058,1.3855884824285678,2.015358162255553,2.56017909138086,2.591030921406839,3.0432959603961396,0.5497419701828877,4.333398822653917,0.8593270406125625,1.2615478152330795,1.2787861161935914,1.9238497107076593,1.863024245211656,2.6136696954363248,2.301640776179728,3.5533420345878324,0.41767509589255947,1.1551803573228785,1.28589610691724,2.115423318553868,1.8624898619215475,1.7184073555702029,0.11650758280737099,1.9618049175518755,2.616829131892101,1.74772883929854,2.4313596295428908,2.8373096938092894,0.7612659803115533,4.243942819404194,4.284922579595064,4.371266551011468,2.273113705577759,1.8178396825742036,2.676223942313441,2.9544767924609117,3.2455165431864197,3.4417663058330406,3.9830022139818233,3.7912858281444115,3.3139772617833776,3.5579477159906663,-0.04892973332278318,-0.05887151407448291,3.451124470505745,1.9487748252840922,3.3625618346782553,3.193449800150231,3.6613133655114383,3.6570021481906427
1.4650688585961922,1.498348754585647,2.521673411477381,3.2144535218632058,1.2313371488026916,0.03519097282656463,-1.2058749375564919,1.8808803040355837,1.8740998214363789,2.5783500781685116,2.603556171445618,1.4323836480956782,1.3387336010386937,2.6865747723717357,2.591030921406839,3.356854062894091,3.097373865691707,0.6367391093053243,4.714248697960423,0.7675751834558968,0.9045286202965231,1.3014643729730537,1.4707082784752878,2.0137672877119006,2.1971371704716782,2.612603804042695,3.1510497051163058,0.45795290043030656,0.695273123591343,1.5325914065172985,1.543151752052429,2.095525862646007,1.3354963067099863,-0.10136301985097372,1.9879780787498749,2.611406785438316,1.6930120038080598,2.7734325220300837,2.435745117065291,0.5276984788944918,5.097386548800131,5.089401898861815,5.249393986100891,2.8889894262367712,1.9813483697827712,3.426698701942968,3.2918225531434055,4.144934750565137,3.8943369848197045,4.938266431443508,4.371797699584528,4.072405735372069,4.211593336657745,0.9040248948547644,0.5733163693951431,4.085662461765456,2.3128818391456702,3.957756574618491,3.0730556233244664,4.50302629678385,3.5895139154855316
2.0334985405883743,2.342743103328275,3.009773690085767,4.146416511074321,1.937328515539553,-0.01274725332002301,-1.0535056779199565,1.7209908819911446,2.62963948971458,2.515692742194235,3.5079749341314197,1.2705851566732673,1.615259412161952,2.3575556812100493,3.0432959603961396,3.097373865691707,3.6824777493080623,0.6055732444260249,5.256503000610641,1.2561449233136486,1.7693736771675204,1.7461259920008507,2.5381792601108417,2.466657060428835,3.345839976265557,2.965613230557486,4.392375068743857,0.6083418719905743,1.4726659984088244,1.6279338391580551,2.5746546762280413,2.347309868037689,2.2413924716042564,0.2640999329310436,2.5753407401445423,3.4112999331232725,2.393072034422259,3.0975811305613825,3.6165754173217923,1.149862259938728,4.999246378839275,5.125270019785194,5.217255155906025,2.5775445652985325,2.1793707923533487,3.0802512859294318,3.5451304091156755,3.761961887729878,4.147867968862912,4.645686908260793,4.633773034496675,3.8391772342405908,4.287177340660856,0.6349744316321668,0.7566046533270516,4.016006196516312,2.1921663694589837,4.012094164663406,4.028610727928655,4.284646983193458,4.496356890897591
-0.04874150040065246,-0.08219986951221059,0.23918099522856076,0.32361084700520487,-0.12324060595114908,-0.1140504257750937,-0.42973868735094656,0.28549479979479114,0.45935029916882053,0.46536883692740705,0.5819069331167301,0.35090516718375425,0.3205989791366341,0.5685886241107405,0.5497419701828877,0.6367391093053243,0.6055732444260249,0.18910241711412956,0.8113830999993051,-0.14654721737412565,-0.14951533920315593,-0.036728651747689904,-0.010307115188149862,0.07961687559574322,0.16092459376278465,0.2349905531317983,0.4230006763227068,-0.06318738500786521,0.014087403211654304,0.1527903504196809,0.25185938371330713,0.2350764181898329,0.08914211138947084,-0.18370773855193986,0.08919372185782068,0.1522738258200386,-0.04807893563769431,0.30241291560965083,0.25481409861604803,-0.2007397596778147,1.0954367490739723,1.0292256761157266,1.0723783995549485,0.7185789492230789,0.4204911835080334,0.7967207929595147,0.6546497629209875,0.9308119344126615,0.759916785420302,1.083301069135955,0.7854140125071735,0.9386267836142245,0.8142749297667753,-0.5148860594059602,-0.7084776846485537,0.9359607941115655,0.6064171299225789,0.7611764013798136,0.42383132449468497,0.9751342089050602,0.6688242474979438
3.5165807122867845,4.04322601172563,4.870925327563304,6.77726578274916,3.379003928033373,0.05161490769410615,-1.5939122966182255,2.731370726210859,3.5537602220119564,3.802068876696182,4.926107157717521,1.8966640192370396,2.254609595028054,3.6158358352455657,4.333398822653917,4.714248697960423,5.256503000610641,0.8113830999993051,8.316655596414394,2.2827064637843573,3.0461972126015793,3.091109700329582,4.210286911033113,4.165576501563106,5.274339845911288,4.7681998835850585,6.850989219982515,1.1096337165689216,2.3222171296609493,2.6618505751518966,3.7419757772927555,3.801435533702331,3.2420122464770325,0.5718463529381174,4.250711296199013,5.699846601050949,3.923472654573901,4.866805540259671,5.13135048243339,2.095447204940265,7.520384368006854,7.728585748193069,7.9276691663644465,3.818691534900581,3.005393662473381,4.616570442246872,5.251406306487525,5.5985732001835276,6.164557556229529,6.905885099094281,7.006327197565422,5.746681058691086,6.470170757982382,1.3200663127991656,1.7435100425004506,5.997071139247303,3.1788922799219064,6.178906399825558,5.854407783705826,6.373370761428237,6.484958061794181
2.687264682208152,3.0465452868235463,2.4332725522489826,3.1193075161752044,2.8549665351518385,0.35111297790747786,0.7299643724600272,0.8515558797277001,0.9265635790733712,1.0100352721894206,1.2770049070083334,0.06484061358097507,0.3898121372404614,0.33821929522192873,0.8593270406125625,0.7675751834558968,1.2561449233136486,-0.14654721737412565,2.2827064637843573,2.3210125271431843,2.7538174551768546,2.429712741728763,2.9185216908811333,2.6511658225202566,2.931545312567178,2.4557436404213524,2.9406947379350497,1.1440683591987175,1.6676580141880428,1.4279179971109432,1.8670019737089099,1.8108731751367326,2.062076300741349,1.2210516445832702,2.644109614230386,3.138927459379169,2.9376171394456807,2.2443978988681845,2.57263943404056,2.389619675586542,0.8444071713855628,1.1726038895894833,1.1547075790028716,-0.04579626598064683,0.4978413285188995,0.21184138992962784,1.0237543257265418,0.380402289193728,1.119289014055172,0.5828619629894678,1.4819890397930437,0.37475303837997187,1.2042894532332695,2.119049128354235,3.2707010356214106,0.5374206364949768,-0.050364335690390775,1.2199220689847499,2.1168270511870952,0.6698341846800315,1.670787467673538
3.24937448435511,3.795422950530772,3.0146757949597975,4.060565985597073,3.487641072663186,0.40317463864273134,0.7123898991822543,0.9457328171761238,1.3691375863583068,1.1744660968403067,1.87416331514733,0.03874419242988888,0.5932237774238004,0.3503653074196201,1.2615478152330795,0.9045286202965231,1.7693736771675204,-0.14951533920315593,3.0461972126015793,2.7538174551768546,3.4242692556519665,2.8873323325180014,3.7446604019273124,3.18646629100191,3.84565891034771,2.9599949746808094,3.965209120716071,1.3154458929677713,2.175962277350118,1.6490825527813202,2.5044281303864064,2.181263019015969,2.6584139735177046,1.4692436152963149,3.2441892196784363,3.9700167057143245,3.605016061125466,2.726777227187214,3.444784119111176,2.877302405394399,1.147685148206608,1.571062851211791,1.5237261819293815,-0.06800571369692969,0.7029689221866514,0.2223273061243543,1.3976493096935392,0.42772937173872894,1.5586800561260914,0.756901197311166,2.0056376195664583,0.493336933542186,1.5685725416821432,2.387443776277338,3.7786885167137614,0.7443853391300284,-0.01662607705378471,1.585770173677034,2.936354243376503,0.851518548907357,2.4058233038010344
2.9075186836337474,3.2778328860374804,2.8280299012560124,3.654454811853869,3.0341790933809767,0.3190676078212144,0.491127574327422,1.1439547831284154,1.2406004083773428,1.4165192533361677,1.7183963483861515,0.3170758938558325,0.6152702016174528,0.7872715133181225,1.2787861161935914,1.3014643729730537,1.7461259920008507,-0.036728651747689904,3.091109700329582,2.429712741728763,2.8873323325180014,2.635507321465971,3.162046553064759,2.962390296403094,3.28159935240456,2.8500171599707715,3.473367313248297,1.2042048262050404,1.790798874750066,1.6650645209748813,2.1319326957524067,2.1452618257875584,2.2500563789938655,1.1924628035582638,2.948794243143054,3.5586282654022883,3.1622526367069113,2.660042095810301,2.89792451256115,2.4582606697667835,1.7043871185570227,2.019499864503619,2.039457617112051,0.4573170487745544,0.8030191385570917,0.7984306808062894,1.5637887810621403,1.0720997936511534,1.7518841878805105,1.3994620344531328,2.1849935121479653,1.0748917060816607,1.8961846528192696,2.067556927048332,3.185379121034407,1.2434487226547886,0.35780980110450544,1.8797632637861175,2.5652111812917675,1.4143882303473156,2.2490280377548757
3.5778601409725668,4.231218077391467,3.574138941266011,4.953997241108859,3.8045229248892967,0.3332507558711365,0.3391680714020846,1.2188194111902828,1.982212805450589,1.6208913730119758,2.6921501335780946,0.29315061273511667,0.9596849308469294,0.797902710804122,1.9238497107076593,1.4707082784752878,2.5381792601108417,-0.010307115188149862,4.210286911033113,2.9185216908811333,3.7446604019273124,3.162046553064759,4.2879014700352505,3.5953457499996637,4.564172936304969,3.4529965530377518,4.975367049957854,1.3714884831838705,2.5177227811928153,1.9016714124316614,3.0971339280124988,2.601505069576463,3.0752481312103246,1.4835379739286685,3.699550143406635,4.650548658852908,3.976258278776546,3.249517157791261,4.13714833106269,3.034523851467124,2.1948900211098015,2.6247202792189412,2.601017335055789,0.47459706006191016,1.1258215247103642,0.8444806828311645,2.1344560143385576,1.1656949220888186,2.419684802186182,1.6938762694794276,2.9430523348606825,1.2994562968850876,2.4264226861962355,2.0933630160491887,3.5041028086327577,1.6075868353784852,0.4727087104699283,2.415955530782188,3.7524834054684595,1.7099080941061555,3.3764629556842536
3.3097130166067172,3.7325905932165817,3.450091649732011,4.494394909953811,3.4095405338905125,0.3943317097129154,0.28441062905624315,1.5419380037513852,1.6250091698025604,1.9428352652517609,2.294904107320257,0.5666160303798914,0.8959692858622649,1.3127548901560364,1.863024245211656,2.0137672877119006,2.466657060428835,0.07961687559574322,4.165576501563106,2.6511658225202566,3.18646629100191,2.962390296403094,3.5953457499996637,3.4693664148715944,3.8935480263510094,3.4873254069306117,4.27329738422473,1.3211061955806807,1.9805502357788045,1.9959701842099917,2.4803985359124026,2.623543220150498,2.628831046091933,1.208295617484355,3.4646822120869,4.263873165042338,3.6622852661687344,3.330914600057948,3.5994903477928224,2.642025024560845,2.7669070397505506,3.1242969828326728,3.1593016241357845,0.9877294382207089,1.2476581505718967,1.4457869157442824,2.295483797981495,1.8777286558611512,2.6396330316293652,2.4008859890438115,3.209891340277212,1.8718301575584133,2.8234000475803698,2.643993090940917,3.694472928663442,2.057319783665245,0.7811481652811226,2.732806394445575,3.421401012993341,2.3276350598613194,3.1407827079021287
3.75803477221084,4.452993982410345,4.0595458997928375,5.6449831151052425,3.943717851097124,0.33467205565978875,-0.05546185012827651,1.5649967528888442,2.5229210814652117,2.152113726479578,3.415505151916018,0.5828195457790742,1.3200730475926519,1.3534522600862242,2.6136696954363248,2.1971371704716782,3.345839976265557,0.16092459376278465,5.274339845911288,2.931545312567178,3.84565891034771,3.28159935240456,4.564172936304969,3.8935480263510094,5.073604397461422,3.9264130000366704,5.7468451196175625,1.3800182017832971,2.665122734775907,2.137322621976912,3.4891158639439337,2.975275382509027,3.390742778261124,1.3911901143469694,4.036874285205701,5.150868198092982,4.260086886855029,3.791952915557647,4.820917472749821,3.013107106581595,3.3660200573156405,3.7945176999883596,3.780544043995734,1.1140912775810696,1.6376516328358182,1.5827657304010168,2.9238142144861174,2.0742497003602827,3.3690651315805,2.8258609617591675,3.981020818274437,2.2105917496024103,3.3809804532031222,2.1934020385504964,3.422853035676749,2.5400775346180837,1.016794438208878,3.3030776146293803,4.602859875053672,2.7316310902118257,4.33516628758895
3.20814904477067,3.582496073399245,3.617793688846795,4.6792073961794545,3.2388223069347615,0.3813610677052169,-0.0526606696447744,1.8133175008984954,1.9005275297379518,2.346649195511313,2.666528579394975,0.8359688024859597,1.124402606035534,1.8087214625721795,2.301640776179728,2.612603804042695,2.965613230557486,0.2349905531317983,4.7681998835850585,2.4557436404213524,2.9599949746808094,2.8500171599707715,3.4529965530377518,3.4873254069306117,3.9264130000366704,3.6845522471675207,4.487120849712418,1.2467617741646086,1.8665728517010047,2.1027388234229067,2.525136472939455,2.7863644741740083,2.6396018997725252,1.0052447934372684,3.4890720061819045,4.3298008876698875,3.613208801308162,3.6027119072126497,3.827111847922688,2.389767234776649,3.685366925485054,4.002515006332533,4.057315024036004,1.570047999162295,1.62167599032906,2.1034849467999157,2.8389101770596197,2.6752529377004626,3.3023397231225005,3.344758869205609,3.917390496879293,2.63540558594826,3.5226908053775685,2.679588087904734,3.443456698369534,2.7984608286211348,1.2500036383204711,3.3635466903842834,3.8304455043577623,3.167930140571724,3.6793470913781507
3.9676531947221494,4.714083227608417,4.685588259235909,6.596010121829719,4.079127362187035,0.1647158183649632,-0.7608246558294857,2.0143786502271674,3.36947450447525,2.8909146707697384,4.508985373300239,1.0752969373805998,1.8600579934698247,2.174759016473697,3.5533420345878324,3.1510497051163058,4.392375068743857,0.4230006763227068,6.850989219982515,2.9406947379350497,3.965209120716071,3.473367313248297,4.975367049957854,4.27329738422473,5.7468451196175625,4.487120849712418,6.879409463730843,1.3764224395901892,2.948610603377106,2.470172685103748,4.15625506778884,3.4997704635830003,3.73922760956015,1.2536029570641214,4.457607349726774,5.795692042459302,4.482127309745481,4.422852965461297,5.493081746615735,2.968542507102729,5.065366844030623,5.422756759128742,5.469238343954584,2.137811200360088,2.272264791605819,2.730501095283827,4.005238333296955,3.4166862491176215,4.620631158367238,4.441552341415536,5.2974431414356395,3.610881080321678,4.681025043915787,1.3602939710169715,2.4423963994692772,3.9778138478565586,1.9052087676557283,4.572413951769082,5.4982614544612485,4.197230488451854,5.554836638009679
1.3200748659063017,1.4596315783506255,1.2109752689969064,1.4804752873905365,1.386077490751111,0.1849144190258697,0.3426834871450988,0.481371640450046,0.4363480920125633,0.5748171628855311,0.5871550359538709,0.06567464411482139,0.18706842225481,0.23537822098445765,0.41767509589255947,0.45795290043030656,0.6083418719905743,-0.06318738500786521,1.1096337165689216,1.1440683591987175,1.3154458929677713,1.2042048262050404,1.3714884831838705,1.3211061955806807,1.3800182017832971,1.2467617741646086,1.3764224395901892,0.5828394029962657,0.7753557012260067,0.7501481969070339,0.8721251733036126,0.9221739529649687,0.975583582254794,0.5895119300817847,1.3047276465320816,1.5119619542348794,1.4478348071710778,1.1453985427037483,1.2287883851652848,1.161232563337222,0.47069730537497084,0.6143664469165784,0.6095100694837623,0.038046425249985666,0.25816689866226794,0.17980358109342626,0.515918554792882,0.2843738048802274,0.5615419304725943,0.382081317228154,0.736286944317584,0.24685208318643426,0.6262297603073089,1.0852098963943975,1.6025502881517897,0.3075240278383049,0.010544368891549458,0.6420080873754839,0.9906403692936575,0.41533599989503855,0.7569993282476126
1.9934520922232482,2.368959578522528,1.978807045100314,2.7466783110974724,2.1317746835882714,0.05796616885657831,0.10276347832640913,0.6056412887915897,1.3996004453361788,0.9112937753767051,1.7580658082286136,0.17569950399592688,0.6331252728308076,0.3700661076965713,1.1551803573228785,0.695273123591343,1.4726659984088244,0.014087403211654304,2.3222171296609493,1.6676580141880428,2.175962277350118,1.790798874750066,2.5177227811928153,1.9805502357788045,2.665122734775907,1.8665728517010047,2.948610603377106,0.7753557012260067,1.5963621338216014,1.0704020146173199,2.04444104492019,1.4507601071775569,1.8420451849992476,0.8888235302685752,2.0707272404295645,2.5498556722083756,2.1965778532836637,1.747105537748423,2.406202588837497,1.7602656821843268,1.1431761242816212,1.33743772219468,1.320762807988913,0.2635538129385391,0.6360832172524777,0.442815614175759,1.1722502558947383,0.6005770715004812,1.269221546700249,0.8762300796858744,1.4771432372729267,0.6996667029955819,1.2445760294500083,0.31512711479773015,1.2013157406408381,0.9000211563550261,0.31819936383693637,1.2930870902832352,2.038008013994329,0.9053754183350018,1.8924882318012353
1.8169443778160534,1.9641192469452629,2.048373441358298,2.535609588859905,1.806478336444117,0.14439270181770952,-0.09258302494100555,1.0924239705173706,1.1437800556296194,1.446646887101223,1.5196551981338988,0.5542895115964156,0.6569411135822314,1.113288014952469,1.28589610691724,1.5325914065172985,1.6279338391580551,0.1527903504196809,2.6618505751518966,1.4279179971109432,1.6490825527813202,1.6650645209748813,1.9016714124316614,1.9959701842099917,2.137322621976912,2.1027388234229067,2.470172685103748,0.7501481969070339,1.0704020146173199,1.279597233647747,1.4842349363808789,1.6310609839637966,1.4452726587275422,0.5825811776752026,1.9757548714309316,2.3651858882574506,2.000811955194355,2.045880076414335,2.030237093789657,1.3705197892366268,2.1316758578194754,2.2491265046858078,2.301680474631272,1.0073105571867988,0.9013953479355188,1.3206660902965421,1.589355457655407,1.6540981447560144,1.8055896550307886,1.999830793116519,2.1039191833431357,1.5970529818104184,1.9782614895249897,1.039038883509284,1.4812543576842305,1.6675831027734584,0.8021850095054298,1.9372107759607295,1.9452859409136964,1.8972066284829918,1.9084416021141748
2.358115240465726,2.7768996803168013,2.6751322171844456,3.688400701566474,2.4449588788047882,-0.1173344342262116,-0.37744023926501546,1.040805527127669,2.4211671966065564,1.6722277169472792,2.9802094011056313,0.6280056179004445,1.2041691544185522,1.0792254782275226,2.115423318553868,1.543151752052429,2.5746546762280413,0.25185938371330713,3.7419757772927555,1.8670019737089099,2.5044281303864064,2.1319326957524067,3.0971339280124988,2.4803985359124026,3.4891158639439337,2.525136472939455,4.15625506778884,0.8721251733036126,2.04444104492019,1.4842349363808789,2.9520666030294715,2.035954174439895,2.4426631723287224,0.8913269773830396,2.6234117735706945,3.242827105679245,2.6172036294088685,2.4638595571836253,3.334723730649361,1.9311930847467254,2.6406342164700907,2.7859313086163735,2.8083250827702275,1.1562349187663834,1.3032631401178563,1.455731225255533,2.2021706468245443,1.8036601694800383,2.4193931866746166,2.3149172376086677,2.660777353209713,1.936099938830228,2.4291304263144373,-0.5331974743501765,0.3528719115468615,2.1916128144496425,1.1180235210478888,2.4310328457824513,3.00069382985419,2.23384764514802,3.141903770157187
2.38019477996328,2.642954022816943,2.757029278271722,3.5697346479694647,2.376438715759862,0.1823853441025849,-0.22448016145422922,1.4233677779627216,1.6108324882107121,1.8952208778354684,2.198121410883483,0.7522198691911289,0.9472807093705127,1.5168388623929,1.8624898619215475,2.095525862646007,2.347309868037689,0.2350764181898329,3.801435533702331,1.8108731751367326,2.181263019015969,2.1452618257875584,2.601505069576463,2.623543220150498,2.975275382509027,2.7863644741740083,3.4997704635830003,0.9221739529649687,1.4507601071775569,1.6310609839637966,2.035954174439895,2.157178874611129,1.974434928583643,0.7141080243991939,2.6245114123696736,3.25317489142884,2.6365662671436447,2.7320368034603124,2.836796276208676,1.7463173284302607,3.0529583120029136,3.2369165286609443,3.305334785189416,1.412299490336713,1.2914485736842864,1.8261735862307775,2.2793650922108726,2.2753170249719536,2.6239420301550482,2.7990433978048066,3.056679574703071,2.260276896712232,2.8168399050625665,1.4176853896196904,1.9825398922060635,2.3835963934162163,1.1464246739640631,2.7221927716262044,2.8472724134963503,2.641205018460376,2.8571433097439125
2.564958675362995,2.999664231265895,2.6749240137908963,3.618807171088488,2.7057771946576654,0.21168055198935587,0.2689198263536501,0.999915391542374,1.7659181967264201,1.400239285502503,2.331041048652728,0.3629337810483052,0.8887853220617745,0.7914047856714618,1.7184073555702029,1.3354963067099863,2.2413924716042564,0.08914211138947084,3.2420122464770325,2.062076300741349,2.6584139735177046,2.2500563789938655,3.0752481312103246,2.628831046091933,3.390742778261124,2.6396018997725252,3.73922760956015,0.975583582254794,1.8420451849992476,1.4452726587275422,2.4426631723287224,1.974434928583643,2.4645656849719684,1.0116772991397907,2.7227164747467856,3.3553877433028467,2.924818745745689,2.5435035123505063,3.3681470460258773,2.1339522611927135,2.0349632565385707,2.35482664507577,2.32994625559218,0.628334390303699,1.1338424177981465,0.9319223617610815,1.8789976206803012,1.2433700318409275,2.126043564976531,1.6813356360852443,2.5037060949068013,1.3179105571940009,2.14371534137207,1.525451654674958,2.4585071217978642,1.5493798335627498,0.5966892774227127,2.018972087618692,3.090242752662853,1.6614776263526423,2.9185868841338864
1.321698662968011,1.5329046371506905,1.0171787120370595,1.3069038890428808,1.4617498674386253,0.19920727529671936,0.5757540173508785,0.1830609054750681,0.29814834356555964,0.1824476463943527,0.37610221790154374,-0.20645434859771816,0.03223146026854909,-0.25464400401700293,0.11650758280737099,-0.10136301985097372,0.2640999329310436,-0.18370773855193986,0.5718463529381174,1.2210516445832702,1.4692436152963149,1.1924628035582638,1.4835379739286685,1.208295617484355,1.3911901143469694,1.0052447934372684,1.2536029570641214,0.5895119300817847,0.8888235302685752,0.5825811776752026,0.8913269773830396,0.7141080243991939,1.0116772991397907,0.734143613849973,1.222636324525344,1.4073295701470157,1.4529646807243621,0.8619233215728992,1.1764009237146216,1.3069708906508404,-0.3440787274273123,-0.15756867470171368,-0.20434684119537277,-0.5061288036617586,-0.015770824140615706,-0.4473501611989361,0.07107546590958352,-0.4585656281544164,0.02842008688626112,-0.4565553235343169,0.1509964265953438,-0.45507687015193515,0.005814531153399454,1.0209849743242274,1.727329445222929,-0.3580383077195652,-0.40230249162226556,0.07172187860725039,0.7782477322241489,-0.33678325269203613,0.4113985709192944
