0,1,2,3,4,5,6,7,8,9,10,11,12,13,14,15,16,17,18,19,20,21,22,23,24,25,26,27,28,29,30,31,32,33,34,35,36,37,38,39,40,41,42,43,44,45,46,47,48,49,50,51,52,53,54,55,56,57,58,59,60
8.80796780020136,7.579308877806962,6.817400450120848,6.951053646574347,8.694625674659706,-2.0833601795025136,-0.7232103163329101,3.084627144141963,-2.300774535698138,5.183107797955249,-6.332902273525487,0.118122654855765,-1.4634586981225812,0.7576678769393902,-1.8276335771485692,2.6783223343693203,-7.8361751466433605,-1.223371611211493,-0.6755911261525301,8.741532399711085,8.240610358815013,9.075824737190521,7.006066094673512,7.313622563100132,6.712113646451569,7.006164761249291,5.43613630353928,5.718897363795606,4.641023389392822,6.691261904972378,0.23535002295216964,7.1543901972984285,0.4190693318464954,5.076368195119472,7.440700801368194,6.699429300356232,7.217915177185613,5.783806798626081,1.6311472060486976,8.59387325100942,-0.609828890773947,-0.38107410720394297,-1.1991616010353292,-0.5859766423943479,-2.801041546233061,0.13552423015737333,-2.162220889185007,0.09983004154111098,-2.3963166456258107,-0.01676430371812053,-0.6640664705673571,-0.8341638603746295,-3.020714494395159,-4.521121697360522,-6.0018167672594505,-1.7246099380962847,-2.356383451141903,7.096344762999211,4.567837047667305,3.2610387346825824,1.1515666153453563
7.579308877806962,7.217127075329721,4.640847237207375,6.538276005752042,7.868972612555407,-2.059678063635312,0.4783713879490219,1.5183049326669567,-4.424365772931218,2.7044913524001215,-6.7287068636756455,-0.9617944484627925,-2.7487802983998577,-0.58674949952748,-3.9928955597774225,0.38298802470583837,-8.093857763982854,-1.8764769559237062,-2.5034356011363594,8.195225225226922,7.769829550860556,8.113319564213617,6.535008890544511,5.923683661681916,6.016703427670236,5.656234474063534,5.237225446053227,5.5554812089509,4.102116409815853,5.474310644500986,-1.0618241192628879,6.09490703267964,0.4796483860810612,5.3168692619055715,5.992793898008973,5.990887914566321,5.706771813411643,3.4561499815481294,1.5118691305645684,8.27079955667368,-2.8878987720482003,-2.322594367764225,-3.2893040927765207,-2.0596311668375566,-4.040954237646996,-1.4455504439134548,-3.806986391738884,-1.6393711485137277,-4.307944462531774,-2.60259640980776,-1.2112813662106108,-2.6970873765020063,-4.043278541963561,-3.1599568056707663,-3.915938837740818,-3.2231053927516418,-3.2957786782440444,4.880824181865524,6.903822713297892,1.4542550132739973,1.6707650686410311
6.817400450120848,4.640847237207375,9.66592226523861,4.949233362097369,5.905047753106963,-0.0974339357677667,-3.562963738255614,4.3724317671207515,6.420825925781043,7.053993987012934,-3.227994468735199,2.94469174697011,3.6136327026933595,3.5849697331004893,6.363510114623421,6.460828421701325,1.1595888139084116,1.4955609477257688,5.5539206779092565,4.835382602266018,4.563565030289759,5.9296769693670655,4.306233856559569,6.39131790837437,4.242452966817737,8.40229334345207,3.0570669620473487,2.417973490419891,3.646799929252616,4.9539222291551885,1.7007786139797143,5.447157900771321,-1.018960889653624,1.3825996953030228,7.43329683674539,5.686982371422573,6.958240748179149,7.191198287740345,0.1609232779508665,4.479248139141317,6.659097391289553,6.029527490983493,5.879901766258764,4.259474674900333,2.828870941746273,4.86920127670101,4.375313733552159,5.452717306842812,5.099534934650151,6.8948116114065385,5.322488174473201,5.322388623686704,2.6435736182862475,-4.6988444189852725,-5.12345785182062,4.1338775404767745,2.1647688953686135,8.899939356097004,-2.0588690850358278,6.9536532825940265,-3.4492846015663243
6.951053646574347,6.538276005752042,4.949233362097369,6.282551500324778,7.186974616153547,-1.7830438551690944,0.605685827650239,1.6206944618084582,-3.18120107049431,2.8729681647825887,-7.646448155484566,-0.5774156537942357,-2.1728543393228965,-0.033131044042890835,-3.274076425676711,1.1098743122596944,-6.291183581428652,-1.5108210832664082,-0.8335162057093568,7.1913773490602635,6.840149850429875,7.232821587652884,5.849944312403827,5.540355747991833,5.258916405833988,5.6705908358289525,4.7337226718691525,4.727313253606101,3.852497765785586,4.981167089556032,-1.2513167045119207,5.629497674073,-0.6649470465769373,4.5346040833506915,5.857029718277362,5.7485358845455305,5.455870779158228,3.2136417442691267,0.8687251818196174,7.335133835527543,-1.3785684606955104,-1.2224002367037174,-1.979493833136272,-1.2564123478515798,-3.4008313476731695,-0.5515468778197651,-3.1726992891208132,-0.44778261162675004,-3.6942221903787122,-0.8197045442898827,-0.2993577827674013,-1.5904457425098195,-3.0674649114980124,-2.640909759809891,-2.495334976140012,-2.2546363307091504,-2.4847288361216493,5.280196124551855,5.648497036321221,2.363565737658124,0.5147291636351145
8.694625674659706,7.868972612555407,5.905047753106963,7.186974616153547,8.843511091009752,-2.3289481939002434,0.35343655670083657,2.534022879245992,-4.4505197547803,4.174965098552126,-7.733704422239239,-0.5726273990634536,-2.6297875590042104,0.06066067712339739,-3.808066468459433,1.5783016940602967,-9.002355679881823,-1.8001081683146218,-1.7399085268868915,9.098604753676382,8.507834986900868,9.202794444835337,7.131220042930352,7.0118411847698585,6.632144399442028,6.541840329220663,5.696403277262154,6.1109893546452065,4.574894499479219,6.614055665685251,-1.0708092479196445,7.131757632015679,0.4169169137450761,5.617578288137202,7.064913304675761,6.704893616548595,6.725065865626135,4.698895242164708,1.3492982276687207,9.07166440705058,-2.0835984358228274,-1.6758831414052875,-2.6483204681100183,-1.5999697940437099,-3.997357208512871,-0.86357532840111,-3.6614814928262533,-0.9887014487979201,-4.141234623993697,-1.562127180186176,-1.4087310931189456,-2.100695244777506,-4.016659761643715,-3.518105581710945,-4.723170941842535,-2.8858922236138502,-3.217756830886129,6.338402128241739,6.4997735656871685,2.3967928646854935,1.8324783758884493
-2.0833601795025136,-2.059678063635312,-0.0974339357677667,-1.7830438551690944,-2.3289481939002434,1.3547676058552534,-1.481099811076755,-0.4567796033140324,4.38252563650229,-0.8077151321697102,3.3019532582482314,0.9711897693749382,2.4917085884573704,0.6043301448495049,4.187262877035989,0.4733503891061912,5.613824623708785,1.3042881956507364,2.2741624561423484,-2.727551576684712,-2.4450936532271093,-2.599814338199771,-1.937696147570303,-1.6350759372320227,-1.8003469595155959,-0.3253426460454762,-1.7027306354049105,-2.109581911707945,-1.0045467965407588,-2.0549533569934475,0.8895277139032886,-1.9866371432038796,-0.36771477985453205,-2.0586112630812634,-1.1582657936742777,-1.190896203047926,-1.038053917184396,-0.3610652978581142,-1.1063081702736712,-2.7647169900433353,2.5979871562831733,2.54232141173096,2.8124468282141324,1.9147206589134693,2.9443641715647346,1.6455197264997414,3.2908368263080585,1.7555762482468715,3.8179539743088187,1.8242838481720347,3.37249639843704,2.3770019588969813,2.8467053610713458,0.43269544518143593,0.8496296632527882,2.6160535699614775,2.1789413095563783,-0.7493290905774395,-2.3895115324914618,0.6320077023899695,-2.026259702438857
-0.7232103163329101,0.4783713879490219,-3.562963738255614,0.605685827650239,0.35343655670083657,-1.481099811076755,7.046689554519787,-0.7036545235048228,-12.851102821820211,-3.2881431146947735,-11.367470259938703,-2.672843350832209,-6.25925205475948,-1.9708343075491164,-11.171710588255229,-3.2810033731382227,-7.460120181646404,-2.735347889081483,-3.800255737369173,1.590253307209916,0.44990454750256753,0.7324957693678061,-0.46767039332142535,-0.8650971457712562,-1.780159087113749,-2.392594610452006,0.7110528023633365,2.0867051474979066,-0.8727734569618238,1.058289000257217,-9.35094117465779,0.836240136241454,-1.6984499709476832,2.1076726315504044,-1.89717247654765,-0.7440515428762261,-2.7497660032735363,-4.47271198585199,-2.210277674516892,1.941275241228552,-5.621912600956395,-5.1020078003744675,-5.869706929592233,-4.237952292187556,-6.072199231775616,-3.8344772052245815,-7.899524313605382,-3.9856170254267824,-9.071514954640962,-5.372904593774341,-4.374260446609154,-5.072692528730518,-4.747846413542951,7.680205816358581,9.034929360053829,-5.176690255601044,-4.124783955351473,-1.6181676450446905,9.945949960002975,-2.766036652853574,4.593038972376848
3.084627144141963,1.5183049326669567,4.3724317671207515,1.6206944618084582,2.534022879245992,-0.4567796033140324,-0.7036545235048228,3.3905743752053485,0.9327386289537685,4.685179079901333,-2.76605542480798,1.6536282362213224,1.1293927167256348,2.4174920877900807,1.8103089546895679,4.185921119827984,-1.4411347863469672,0.6643673843916834,3.1399658629652363,2.226198977257124,1.6523690790547565,2.8923375665614195,1.3265987821323775,3.19060613909299,1.3466522340376874,3.0376475762529265,1.019209282020981,1.283469284198712,1.2213079132425815,3.29052508481735,-0.39061057578705755,2.978136514070596,-0.25581948483235845,0.36419151820836154,3.2374802210496982,1.9968414801785952,2.9456971528661895,3.9443335860700817,-0.8813118478540198,1.8527337317765515,3.520473102760448,3.028160981723134,3.0331716753440587,2.1728191320711296,1.048479211374579,2.506982810089455,1.4925074521958883,2.7537957818184227,1.7693732784805352,3.991343854224012,0.5737318968289156,2.7788649561003087,0.9763833510205266,-0.7102117606300992,-1.9984683850667897,1.9508528753641183,0.8951257626980536,4.733122077297565,-1.7101085638706548,3.394409156874929,-0.056861172857557256
-2.300774535698138,-4.424365772931218,6.420825925781043,-3.18120107049431,-4.4505197547803,4.38252563650229,-12.851102821820211,0.9327386289537685,29.88284621580085,5.122076659649334,18.99791189672566,6.4022778112923335,14.322474045841627,5.463424712532477,24.47867369066436,8.307796041799483,22.862222085965826,6.74942594473246,13.835111422843845,-7.8698325661692765,-5.170685495798427,-6.01603361329822,-2.592441447697113,-1.0069253501740718,-0.36950725308059773,3.2560673011510746,-4.098795305948266,-7.778344891466528,0.19117709891907367,-5.010557092687171,17.588915928490735,-4.618038750497356,-2.4661079973072315,-7.463794799230859,1.7667982168184562,-0.4383764197983175,3.720740602432566,7.341470384079272,0.7528637688625864,-8.248602604966663,16.378686971775267,14.14372501804786,16.373816138255847,11.092640512193547,14.496499630938574,10.540742055650687,17.794458737138335,11.92381173602521,20.07083893528841,16.342430042654293,12.812560168065975,13.874247319663569,13.281030207701141,-11.210110213953158,-10.57823756089955,13.830081097797624,11.259429939899679,3.9120552660989163,-22.305376203090844,8.25311633708122,-12.263267171085506
5.183107797955249,2.7044913524001215,7.053993987012934,2.8729681647825887,4.174965098552126,-0.8077151321697102,-3.2881431146947735,4.685179079901333,5.122076659649334,8.422866727261011,0.12767398581288683,2.6990351074391596,2.9658654971081035,3.722984915535063,5.025669011289954,6.700144109002192,-0.8891608792807539,1.3964332109393967,5.479577300803006,3.0122391121485883,2.8006665457993485,4.284399275931579,2.8197325611859747,4.978086080415672,3.5094287736561234,4.827652269117367,1.8319745139912802,1.223391374097568,2.4273112321678196,4.370619183286876,3.817046012360551,4.076637420920221,1.1472978532733844,0.27474254926020764,5.737541184951323,3.684954522728238,5.371451189236316,6.4948628944813,-0.05272262295946762,2.544738393476893,6.027797014318304,4.6574748679750115,5.189853045596059,3.781751226762996,2.422916087342288,4.1622411383932985,3.58132341252145,4.635602937133874,3.8708606394481175,7.4905714469266975,0.011473629888270566,4.726340551466856,2.0385511568476122,-5.301441857833792,-7.318814642722518,3.570864619685846,2.1538696426261947,6.544569209713991,-7.9973266415987805,5.246667209554593,-2.3201561814589056
-6.332902273525487,-6.7287068636756455,-3.227994468735199,-7.646448155484566,-7.733704422239239,3.3019532582482314,-11.367470259938703,-2.76605542480798,18.99791189672566,0.12767398581288683,30.522863676300368,2.5984862320981357,9.614898059577609,0.31911600642080085,17.334093606936808,-0.2933557374922274,14.13634926488143,4.4071785276352395,1.4379567264833684,-9.10874770400708,-6.866927836260249,-8.36207418416334,-4.524892554930547,-5.640715882611117,-1.4885431748745162,-4.403626091198259,-5.316843620290127,-7.294616167042274,-2.9495876244486916,-7.713227693197756,16.550328748851165,-7.966735697980453,8.616992450267162,-6.506869114121251,-4.404986306942499,-5.086491207165896,-2.9550402456949447,0.7256920158406513,3.5435887153431676,-9.646034773536702,4.219487036403342,3.989432930773637,5.800524886968155,4.539463054538467,10.441390428314119,2.6381406104477207,12.676437860796849,1.8398423215108237,14.512534593599,2.8837347502524593,2.381020746582379,4.961032915572236,7.384949011582886,-10.966560078926062,-14.814892676956914,6.670476414708175,6.540245459951642,-8.057403719059188,-20.89442265132864,-2.994650371547316,-6.0481668552907255
0.118122654855765,-0.9617944484627925,2.94469174697011,-0.5774156537942357,-0.5726273990634536,0.9711897693749382,-2.672843350832209,1.6536282362213224,6.4022778112923335,2.6990351074391596,2.5984862320981357,2.160879166287496,3.6071061634985697,2.2736745180816382,6.017052943591805,3.476803864029896,4.798470330269762,1.847543456166563,4.39490196998112,-1.355048772857807,-1.16775239554652,-0.6986817984281897,-0.714284328308415,0.6335542976060535,-0.34088003356312296,1.6734522531273388,-0.9110695925221393,-1.4526796145189742,0.08567689269887989,-0.00151768723115647,2.4960827621219375,-0.10051124153707355,-0.673399856036788,-1.8696670678515885,1.18358411445224,0.202238487904849,1.316941075789001,2.711778804051587,-0.6286103614137816,-1.6179915357680004,5.187371046288268,4.571605182669406,5.020120147661642,3.461484888637073,3.8027596996143207,3.441522553245673,4.617286251481559,3.821824498424318,5.30481924017986,5.151317022482594,3.41048590442222,4.366129269397762,3.5705594528081672,-1.5740745451154896,-1.8600518659367404,4.022685958495007,2.9610109119106705,2.5059625455265038,-5.116001762621721,3.0816507630381156,-2.573989467535186
-1.4634586981225812,-2.7487802983998577,3.6136327026933595,-2.1728543393228965,-2.6297875590042104,2.4917085884573704,-6.25925205475948,1.1293927167256348,14.322474045841627,2.9658654971081035,9.614898059577609,3.6071061634985697,7.598243989930954,3.1639105346860363,12.958272647732803,4.581173214402398,12.041377943934751,3.724903222023242,7.522837566401491,-4.280232258093672,-3.351489935851579,-3.271189164991614,-2.08116772782286,-0.7132058607913387,-1.0799465798400016,1.887951249598839,-2.4967596104102516,-4.064769168141279,-0.4464344224343221,-2.3883291310836534,6.771292832315944,-2.3157963005045024,-0.013338805182453067,-4.246577610807889,0.7863777735067405,-0.44653377655044024,1.2530132872559052,3.394157996621305,-0.9857284778442196,-4.597914776234667,8.869388698588219,7.915828477235342,8.944306399608372,6.2162798683341505,8.034691936723096,5.789859856441819,9.700509055544437,6.303231337495036,11.051414152335756,8.23676213777543,7.14010378984684,7.6998913609484365,7.351324178966657,-4.14269720604487,-4.439433272431418,7.678772321161277,6.076871105525247,1.788732566284446,-11.127539004271954,4.147099246012145,-6.111905140427221
0.7576678769393902,-0.58674949952748,3.5849697331004893,-0.033131044042890835,0.06066067712339739,0.6043301448495049,-1.9708343075491164,2.4174920877900807,5.463424712532477,3.722984915535063,0.31911600642080085,2.2736745180816382,3.1639105346860363,2.774732994561845,5.093183553290425,4.384248666127663,3.8019520086255665,1.7055600116608225,5.3280705256095215,-0.8163103139624849,-0.8112163626304513,-0.04695247926421995,-0.4699091126492565,1.2766923268236243,-0.19539804984997183,1.9895804742721437,-0.6165091033371332,-1.1118215405680987,0.31973304245146883,0.8533259311153877,1.7297835242778274,0.6315535608842694,-1.2946618136557377,-1.6637515801483973,1.8347487182145406,0.6556542580314472,1.829118346848416,3.157333182732649,-1.313555770484316,-1.0812013108452232,5.751437647105866,4.826098964550332,5.322337056836757,3.6126137344797726,3.3123236669577287,3.7730883277157536,3.9838937720112013,4.321026549025059,4.482316615931323,6.171279518166747,2.7444699859646335,4.639946954652159,3.3562382520883576,-1.053285717729607,-1.271476287450824,4.02330015628458,2.85941715897478,3.598932007274772,-5.260548232669786,3.846391024402833,-2.3970302974570656
-1.8276335771485692,-3.9928955597774225,6.363510114623421,-3.274076425676711,-3.808066468459433,4.187262877035989,-11.171710588255229,1.8103089546895679,24.47867369066436,5.025669011289954,17.334093606936808,6.017052943591805,12.958272647732803,5.093183553290425,22.335448371477135,7.466289905340814,20.08779235470937,6.248400732804044,12.15012441890009,-6.531880104359241,-4.910706119072838,-4.863691801628525,-2.8761981485945016,-0.7992214016241245,-1.1059495357519382,3.6736444320327237,-3.8129387963567156,-6.416819984695823,-0.39881243755210677,-3.791760705683111,12.083676382839547,-3.5870068736476193,0.6797571747811098,-6.712447780748499,1.7808718847112568,-0.23853983854442287,2.6836748537417354,6.193149197547029,-1.4103092232592007,-7.100054254958065,14.506208144968655,13.14318927343113,14.76752219300046,10.337783543954869,13.617799206303228,9.545457581949579,16.576629413648096,10.252489297991108,18.942842312850154,13.145200247445944,12.235025643179009,12.717716899019464,12.216363277921394,-7.8615673843936955,-8.88295252774232,12.795983604607413,10.081732601361425,3.031822138994737,-18.34814963176637,6.783239412867809,-10.170925306880397
2.6783223343693203,0.38298802470583837,6.460828421701325,1.1098743122596944,1.5783016940602967,0.4733503891061912,-3.2810033731382227,4.185921119827984,8.307796041799483,6.700144109002192,-0.2933557374922274,3.476803864029896,4.581173214402398,4.384248666127663,7.466289905340814,7.271518152019001,4.3336428661007895,2.3822137144674866,8.115882654987999,0.2042457246778682,0.2557673826210755,1.4505475190349844,0.574232621066761,3.2147900654981125,1.054546267966348,3.9428990789869562,-0.01850090122938394,-0.786127195584644,1.3665370610640026,2.4311483365163826,3.5578603898629426,2.1104983530185857,-2.203305150306769,-1.6724979492745884,4.043000191624028,2.083067353636069,4.22318248203001,6.095683608352668,-1.4968568181473592,-0.2203162254657823,8.718828001522143,7.236690763454623,7.9408083967189675,5.375630668631054,4.5220673422162045,5.76617454467028,5.657419082003278,6.649183252348489,6.32768191430879,9.683768610843492,3.653626337730374,6.918957290222127,4.541904475346196,-2.8039171936874476,-3.478415303961333,5.809271475412255,3.9813369527607394,6.794517469860329,-7.801778905043873,6.473109773354241,-3.3321403877705675
-7.8361751466433605,-8.093857763982854,1.1595888139084116,-6.291183581428652,-9.002355679881823,5.613824623708785,-7.460120181646404,-1.4411347863469672,22.862222085965826,-0.8891608792807539,14.13634926488143,4.798470330269762,12.041377943934751,3.8019520086255665,20.08779235470937,4.3336428661007895,27.27944359682179,6.192403445487796,14.8674125791037,-12.051887116018307,-10.274663618660949,-11.051765849110147,-7.6574093852554395,-6.421262715140863,-6.6859527589482575,-0.5069390437317711,-7.0229540266393204,-10.142451555202685,-3.4731708263966623,-8.884291188692009,6.892979052053063,-8.519693532845563,-2.3761731008717493,-9.454094245971625,-2.947499832381522,-3.300152067791581,-2.4444883563437,-0.5794964653904889,-7.4261323138012445,-11.954574696671887,14.515426606932408,12.873424400453944,14.818033614857704,9.951105005271659,13.67649004366064,8.956106250370702,15.33710369268307,10.046536666593788,17.085336399931833,12.404760290927372,14.48275511465339,12.471093870781635,13.891028601549285,-0.5463453197114514,1.8903984281880288,13.239263706716484,11.139612308973742,-1.7696099356800141,-16.540686360467454,5.048676648925692,-12.092842287732466
-1.223371611211493,-1.8764769559237062,1.4955609477257688,-1.5108210832664082,-1.8001081683146218,1.3042881956507364,-2.735347889081483,0.6643673843916834,6.74942594473246,1.3964332109393967,4.4071785276352395,1.847543456166563,3.724903222023242,1.7055600116608225,6.248400732804044,2.3822137144674866,6.192403445487796,1.9098368834472401,4.055488276669533,-2.6042153719819447,-2.233056002322215,-2.0978035649507096,-1.5771013117050834,-0.712334764917624,-1.121660906441758,0.5135127819463182,-1.6025351776652559,-2.3033410385497066,-0.5672213216575136,-1.359533632340783,2.750371959572191,-1.4248243000538419,-0.1569328533239693,-2.446249645684136,-0.011261260948353521,-0.6397031398958439,0.15488449884450828,1.3769733252393836,-0.9786860190244846,-2.77425771570121,4.632242049685654,4.099649651637612,4.650713252690952,3.2080004839522744,4.07893147169255,2.986355523168442,4.797021505125797,3.2658110367169115,5.458061090191033,4.318654056018692,3.460011552727532,4.003786805614393,3.8319637710391836,-1.246906521353683,-1.3627626010257943,3.97152678179713,3.1534071775530075,0.7127443213083504,-5.656622435378706,2.031239420703183,-2.9089219923130565
-0.6755911261525301,-2.5034356011363594,5.5539206779092565,-0.8335162057093568,-1.7399085268868915,2.2741624561423484,-3.800255737369173,3.1399658629652363,13.835111422843845,5.479577300803006,1.4379567264833684,4.39490196998112,7.522837566401491,5.3280705256095215,12.15012441890009,8.115882654987999,14.8674125791037,4.055488276669533,15.310372240421136,-4.485471372982383,-3.96272941958616,-3.096509460286985,-2.8066789952671534,-0.10211541391356088,-2.3228498652614173,2.850266569531944,-2.7096611146350873,-4.784212951836437,-0.3457294005989169,-1.3115021155334723,3.2281195329262435,-1.5264525456630325,-3.496206455064593,-5.057178787126077,2.694167494559073,1.3005745928014942,2.6470168076208394,3.718390484743314,-8.277833509712542,-4.554005387456386,13.558826500314426,11.160602715258491,12.666777074820745,8.408430578842623,8.26927409113407,8.467154581161012,9.288290485923927,9.856800635454523,9.91061485535278,13.773398421858522,8.122934533230914,10.793677197062049,9.23983185634406,-0.17121952008423777,0.6298837984280017,10.081184677956422,7.76146933267195,5.137521409515791,-12.912721035957153,7.885873287821113,-7.996999735963431
8.741532399711085,8.195225225226922,4.835382602266018,7.1913773490602635,9.098604753676382,-2.727551576684712,1.590253307209916,2.226198977257124,-7.8698325661692765,3.0122391121485883,-9.10874770400708,-1.355048772857807,-4.280232258093672,-0.8163103139624849,-6.531880104359241,0.2042457246778682,-12.051887116018307,-2.6042153719819447,-4.485471372982383,10.03215538858123,9.16214527845455,9.841566291699403,7.403478073857651,7.071354958277863,6.673257600003221,5.9335700588762625,6.066065422413481,7.178494778092944,4.4835259149343,7.12094554624024,-2.675144479221528,7.57915273387362,0.5615768300840056,6.580824834580026,6.410314478808633,6.297675490270979,6.136351061796897,4.131911387591691,2.3343128329953426,9.963640846082248,-4.57215413608397,-3.5857156498090235,-4.95303959735198,-3.166964638729259,-5.6410841007413435,-2.3978615999083637,-5.628239809521529,-2.7913827206615967,-6.17768648046694,-4.258965481579443,-2.7386147824287796,-4.076865968860122,-5.785392029570058,-2.38878909226642,-3.8884973172644313,-4.77871853816442,-4.77399336366064,5.749145565976536,10.117713014454948,1.05922598571535,3.9812908931507964
8.240610358815013,7.769829550860556,4.563565030289759,6.840149850429875,8.507834986900868,-2.4450936532271093,0.44990454750256753,1.6523690790547565,-5.170685495798427,2.8006665457993485,-6.866927836260249,-1.16775239554652,-3.351489935851579,-0.8112163626304513,-4.910706119072838,0.2557673826210755,-10.274663618660949,-2.233056002322215,-3.96272941958616,9.16214527845455,8.776155852481274,9.022076833299467,7.29529811036776,6.618037114277396,6.8535712482262365,5.553773621404475,5.726623649885185,6.38077943654206,4.531259167798325,6.224505026939907,-0.11002501216687385,6.752449347199171,0.06459757488154286,6.059296877004242,6.131098905179171,6.016569435370775,6.2952059756205045,4.418276971110071,3.079989929885592,9.14746087625287,-3.8970726774543336,-3.1262247695631387,-4.2370725977715225,-2.7539416513294794,-4.820405735116525,-2.0403899385620683,-4.580718831634519,-2.29710540836624,-5.0599982798671865,-3.3758550481662923,-2.2472787830893592,-3.5441498022928952,-5.062093981656512,-3.901987246029032,-5.117188273875585,-4.140285655480544,-4.084188863266324,5.454741688058521,8.102185253566018,1.2349351509004327,3.0559939988012546
9.075824737190521,8.113319564213617,5.9296769693670655,7.232821587652884,9.202794444835337,-2.599814338199771,0.7324957693678061,2.8923375665614195,-6.01603361329822,4.284399275931579,-8.36207418416334,-0.6986817984281897,-3.271189164991614,-0.04695247926421995,-4.863691801628525,1.4505475190349844,-11.051765849110147,-2.0978035649507096,-3.096509460286985,9.841566291699403,9.022076833299467,9.905650202779292,7.408487852138091,7.513052732428592,6.845388835655463,6.56124752875157,5.960317828655658,6.85802777640442,4.644518916573985,7.36457453289189,-1.6806934958673447,7.780826088798813,0.5847984818998979,6.128729166333341,7.050813618768937,6.559436914657273,6.753474533756417,5.11599755908786,2.2691784090606246,9.69036296127224,-2.9962051633440616,-2.311102252284723,-3.49485813839748,-2.1459487500752115,-4.642387253373972,-1.3536503989862847,-4.370994332298017,-1.612590450679308,-4.779790523565516,-2.481691542758613,-2.189138514293479,-2.790592244597189,-4.862425204865456,-3.308156238910937,-4.963066574967504,-3.6525129211166125,-3.9454915384890827,6.653119794968357,8.00334957896709,2.0775772836643203,3.105226895860271
7.006066094673512,6.535008890544511,4.306233856559569,5.849944312403827,7.131220042930352,-1.937696147570303,-0.46767039332142535,1.3265987821323775,-2.592441447697113,2.8197325611859747,-4.524892554930547,-0.714284328308415,-2.08116772782286,-0.4699091126492565,-2.8761981485945016,0.574232621066761,-7.6574093852554395,-1.5771013117050834,-2.8066789952671534,7.403478073857651,7.29529811036776,7.408487852138091,6.2859467494138626,5.615540743390392,6.082180266340543,5.004282294155885,4.830623358556103,4.979349986166544,3.9935496211477446,4.9616154609032,1.2097667853198066,5.50414214057026,0.2758973181741065,4.812151522887309,5.464056668244403,5.245957087400502,5.5702115245148125,3.9537243252723426,3.1150377266661398,7.418491205485132,-2.5490177499874416,-2.130374979079966,-2.891597682894642,-1.828030931420014,-3.447223521099743,-1.2544765074507855,-3.0035762755778994,-1.3809746355268697,-3.3593484795492374,-1.9230750604529718,-1.5078570015159212,-2.3876467923701012,-3.7044041761461703,-4.530476157367504,-5.324761446702401,-2.903715616981102,-2.9121252185270654,4.644700522361598,5.006150381235857,1.4048733568785121,1.526571825989505
7.313622563100132,5.923683661681916,6.39131790837437,5.540355747991833,7.0118411847698585,-1.6350759372320227,-0.8650971457712562,3.19060613909299,-1.0069253501740718,4.978086080415672,-5.640715882611117,0.6335542976060535,-0.7132058607913387,1.2766923268236243,-0.7992214016241245,3.2147900654981125,-6.421262715140863,-0.712334764917624,-0.10211541391356088,7.071354958277863,6.618037114277396,7.513052732428592,5.615540743390392,6.473342985841257,5.389898177154588,6.095857326896262,4.287221476141189,4.652852582452055,3.861502027360992,5.918953320653683,0.5965964485823786,6.212153354397816,-0.6076205530165482,3.880987050408999,6.272938676671916,5.256518790770319,6.249030755975154,5.790116436214198,2.129824388882017,6.818457371966492,0.5319824744368229,0.6047151845136447,-0.03919467152117717,0.1161955885624214,-1.7997197406144703,0.8418695678992936,-1.1426976846147854,0.9734637190498979,-1.1326390547232414,1.2770931856700294,-0.11089975059102464,0.13875355518193055,-2.05678037628239,-3.931397821261855,-5.040062313564501,-0.8243429818113899,-1.5825776136189829,7.009663800935001,3.351665881055684,3.5998057827281458,0.9894490468778214
6.712113646451569,6.016703427670236,4.242452966817737,5.258916405833988,6.632144399442028,-1.8003469595155959,-1.780159087113749,1.3466522340376874,-0.36950725308059773,3.5094287736561234,-1.4885431748745162,-0.34088003356312296,-1.0799465798400016,-0.19539804984997183,-1.1059495357519382,1.054546267966348,-6.6859527589482575,-1.121660906441758,-2.3228498652614173,6.673257600003221,6.8535712482262365,6.845388835655463,6.082180266340543,5.389898177154588,6.3043613002195995,4.573972101387323,4.432096268159149,4.313415520242522,3.9053521982113932,4.51303248826703,3.6645807221836537,4.950035556602069,0.9564333399385001,4.212611899006336,5.341476305372205,4.887847078217134,5.7124939199392495,4.5893768557670995,3.7291046402186043,6.614431772977935,-1.811114533739966,-1.620461502723695,-2.093951269806063,-1.2580041758734082,-2.4572120805946773,-0.812697288167222,-1.750459785263342,-0.9354860611416891,-1.9839076638099842,-0.9640095371229568,-1.8403841876599776,-1.713800234854691,-3.0222350889551475,-6.2293367666769655,-7.562342120785874,-2.1704508953768316,-2.2035085443677267,4.310547777357808,1.9973024335316274,1.4348674058360302,0.9562972480812563
7.006164761249291,5.656234474063534,8.40229334345207,5.6705908358289525,6.541840329220663,-0.3253426460454762,-2.392594610452006,3.0376475762529265,3.2560673011510746,4.827652269117367,-4.403626091198259,1.6734522531273388,1.887951249598839,1.9895804742721437,3.6736444320327237,3.9428990789869562,-0.5069390437317711,0.5135127819463182,2.850266569531944,5.9335700588762625,5.553773621404475,6.56124752875157,5.004282294155885,6.095857326896262,4.573972101387323,8.334975152564775,3.8091821101348473,3.431643354615697,3.7773315777908185,4.747317724487478,-0.2715948503099332,5.566695392940357,-0.32602700857254485,2.678813161977084,7.064084661318897,6.103919473004319,6.38381544380417,5.417909772115724,0.24121221456168382,5.768070913716241,3.54628032487885,3.603426533026808,3.0013236552867197,2.3495301531009103,0.9946970046991328,2.899767419256287,2.2111208797181177,3.1567921201682,2.6938019079496534,3.1709978659137468,4.951056799319607,2.833584257517594,0.8751892438142448,-3.815041431987197,-3.8779408099084747,2.0030493336804174,0.5394757486485617,7.3618514332268195,2.2516565785902176,5.16667879627196,-2.531872258295065
5.43613630353928,5.237225446053227,3.0570669620473487,4.7337226718691525,5.696403277262154,-1.7027306354049105,0.7110528023633365,1.019209282020981,-4.098795305948266,1.8319745139912802,-5.316843620290127,-0.9110695925221393,-2.4967596104102516,-0.6165091033371332,-3.8129387963567156,-0.01850090122938394,-7.0229540266393204,-1.6025351776652559,-2.7096611146350873,6.066065422413481,5.726623649885185,5.960317828655658,4.830623358556103,4.287221476141189,4.432096268159149,3.8091821101348473,3.934584151371015,4.223457324139808,2.970350210940786,4.080461625506437,-0.972455514383642,4.507762067564072,0.38108419047646874,4.055233328320666,4.1193838508835166,4.114816809065537,3.851492211832104,2.228122604880801,1.9357821382524767,6.133060349508196,-2.7516320490506536,-2.335314853403627,-3.06774998348629,-1.9594157110342698,-3.5229131175009982,-1.4784100983954274,-3.416995326129969,-1.634519522564211,-3.854648186626042,-2.3325194743844295,-1.6402868617557333,-2.5225472025248776,-3.5122878978457153,-2.23886166200868,-2.642421024360784,-2.9466263174251646,-2.8453590040982593,3.3193269817716526,5.374824149105132,0.6860359914035788,1.6617323086588718
5.718897363795606,5.5554812089509,2.417973490419891,4.727313253606101,6.1109893546452065,-2.109581911707945,2.0867051474979066,1.283469284198712,-7.778344891466528,1.223391374097568,-7.294616167042274,-1.4526796145189742,-4.064769168141279,-1.1118215405680987,-6.416819984695823,-0.786127195584644,-10.142451555202685,-2.3033410385497066,-4.784212951836437,7.178494778092944,6.38077943654206,6.85802777640442,4.979349986166544,4.652852582452055,4.313415520242522,3.431643354615697,4.223457324139808,5.424036691043016,2.834231714224161,5.04060465926309,-3.122669378985446,5.2946053575041185,0.4272633606452043,4.957171606589081,3.731236931613667,3.818702999393466,3.5156315696503415,2.1682523453067906,2.166032917740161,7.118506866874598,-4.71132263300657,-3.7243870823001495,-4.8782291573026315,-3.1898501355857105,-4.955330033628252,-2.6404784408430166,-5.211064703360966,-3.056345307785086,-5.6649968768560335,-4.562264580009088,-2.867616430473203,-4.062662412606924,-5.07256442962725,-0.6278027326945596,-1.694802796088739,-4.497864077119683,-4.243433042710636,3.351832864942927,9.080141486559404,-0.21196023819555093,4.053798318747378
4.641023389392822,4.102116409815853,3.646799929252616,3.852497765785586,4.574894499479219,-1.0045467965407588,-0.8727734569618238,1.2213079132425815,0.19117709891907367,2.4273112321678196,-2.9495876244486916,0.08567689269887989,-0.4464344224343221,0.31973304245146883,-0.39881243755210677,1.3665370610640026,-3.4731708263966623,-0.5672213216575136,-0.3457294005989169,4.4835259149343,4.531259167798325,4.644518916573985,3.9935496211477446,3.861502027360992,3.9053521982113932,3.7773315777908185,2.970350210940786,2.834231714224161,2.741231306146633,3.2024511843418333,1.5000940064424015,3.5684736205874508,-0.6656912600387763,2.6809310426465993,3.9559257258894975,3.599444785527331,4.144314242131907,3.3206259196345584,1.7608124887764385,4.475155358998103,-0.09689759474004048,-0.06468786827558279,-0.4267259853478768,-0.24816754073493852,-1.3363066229414422,0.18519199629606511,-0.8596187875694785,0.3039088933676821,-0.9639802883458738,0.39691220855707476,0.1660232705847986,-0.3227569575851101,-1.4250572166798003,-3.2471227317652884,-3.516895778587999,-0.7879536069029949,-1.0770541947401047,3.9722571950871792,2.155261225852388,2.0014905895503823,0.17805127770294957
6.691261904972378,5.474310644500986,4.9539222291551885,4.981167089556032,6.614055665685251,-2.0549533569934475,1.058289000257217,3.29052508481735,-5.010557092687171,4.370619183286876,-7.713227693197756,-0.00151768723115647,-2.3883291310836534,0.8533259311153877,-3.791760705683111,2.4311483365163826,-8.884291188692009,-1.359533632340783,-1.3115021155334723,7.12094554624024,6.224505026939907,7.36457453289189,4.9616154609032,5.918953320653683,4.51303248826703,4.747317724487478,4.080461625506437,5.04060465926309,3.2024511843418333,6.190286666381349,-2.0595689799529002,6.190057245595302,-0.21292584188553418,4.1318100755080795,5.282279791953496,4.4637827711695754,5.001656623826828,4.549418361347562,1.3065566590985516,6.856708281435178,-1.0810808731208137,-0.8285455925638445,-1.6315346129213049,-0.98081603263194,-3.240741714310335,-0.26354481510725414,-3.124411302976651,-0.31309977405080675,-3.372610039149434,-0.34847620162727555,-2.0819940648357513,-1.2066724243861284,-3.310241594371465,-1.4641895181710782,-2.961570435313597,-2.1664461689176115,-2.6457228361041807,6.060762168047143,5.299288644649797,2.386091916141637,2.8665129048334093
0.23535002295216964,-1.0618241192628879,1.7007786139797143,-1.2513167045119207,-1.0708092479196445,0.8895277139032886,-9.35094117465779,-0.39061057578705755,17.588915928490735,3.817046012360551,16.550328748851165,2.4960827621219375,6.771292832315944,1.7297835242778274,12.083676382839547,3.5578603898629426,6.892979052053063,2.750371959572191,3.2281195329262435,-2.675144479221528,-0.11002501216687385,-1.6806934958673447,1.2097667853198066,0.5965964485823786,3.6645807221836537,-0.2715948503099332,-0.972455514383642,-3.122669378985446,1.5000940064424015,-2.0595689799529002,18.69311766771532,-2.1210227654211256,-0.40030560247052427,-2.3900246381213663,1.0814448285810332,-0.3911172645955039,3.922361219168066,6.574246460073295,6.512088737542168,-2.980247920554522,5.434818076667986,4.029660429779576,5.6187957407559095,3.666395756524341,5.936711131479955,3.393657652877134,8.01204015057737,3.9831460200488875,8.911777710882689,7.304423685019448,0.821008928596567,4.53663433843747,4.18972620247077,-13.344437744381112,-14.797251454515832,4.653042571236665,4.326253118922368,1.3927738450430431,-15.951403141293126,2.5894045539186905,-4.425925633949365
7.1543901972984285,6.09490703267964,5.447157900771321,5.629497674073,7.131757632015679,-1.9866371432038796,0.836240136241454,2.978136514070596,-4.618038750497356,4.076637420920221,-7.966735697980453,-0.10051124153707355,-2.3157963005045024,0.6315535608842694,-3.5870068736476193,2.1104983530185857,-8.519693532845563,-1.4248243000538419,-1.5264525456630325,7.57915273387362,6.752449347199171,7.780826088798813,5.50414214057026,6.212153354397816,4.950035556602069,5.566695392940357,4.507762067564072,5.2946053575041185,3.5684736205874508,6.190057245595302,-2.1210227654211256,6.446248049643292,-0.2495202865263363,4.485934005416123,5.764797927973441,5.075696118867132,5.369205659030773,4.445609226667946,1.6063458958516683,7.390381196021267,-1.2537355261807248,-0.9024158865878136,-1.8065861896899227,-1.0695178778030041,-3.31948859614406,-0.3215756429224662,-3.093184176759217,-0.3602831131458852,-3.3315303026878467,-0.6671836397095863,-1.2556187006296058,-1.3464281308219688,-3.3599458333115138,-1.9826646440774556,-3.008790302109597,-2.2644052623669975,-2.7444216036978966,6.21442001298458,6.062673366084477,2.532287367379791,2.243503542210318
0.4190693318464954,0.4796483860810612,-1.018960889653624,-0.6649470465769373,0.4169169137450761,-0.36771477985453205,-1.6984499709476832,-0.25581948483235845,-2.4661079973072315,1.1472978532733844,8.616992450267162,-0.673399856036788,-0.013338805182453067,-1.2946618136557377,0.6797571747811098,-2.203305150306769,-2.3761731008717493,-0.1569328533239693,-3.496206455064593,0.5615768300840056,0.06459757488154286,0.5847984818998979,0.2758973181741065,-0.6076205530165482,0.9564333399385001,-0.32602700857254485,0.38108419047646874,0.4272633606452043,-0.6656912600387763,-0.21292584188553418,-0.40030560247052427,-0.2495202865263363,9.901298735568103,0.3547180600876782,0.09190726344956321,0.29391115007791513,-1.529325852260467,-2.135679308259025,-0.26896990020834394,0.3799484442752139,-3.3880652070554333,-2.7462478344955668,-2.7765145759812593,-1.0445403591798341,0.18129518001686634,-1.9818594569341557,0.4959002958818319,-3.270437753886714,0.5227675592966861,-4.535103167455742,-3.518451542424388,-1.9777257429337969,-1.0715801730206969,-2.623268284048073,-5.993725797016199,-1.2195576483735922,-0.7680934967422701,-4.969810722547306,-4.070490297095844,-4.115088563947718,-0.20880524952886914
5.076368195119472,5.3168692619055715,1.3825996953030228,4.5346040833506915,5.617578288137202,-2.0586112630812634,2.1076726315504044,0.36419151820836154,-7.463794799230859,0.27474254926020764,-6.506869114121251,-1.8696670678515885,-4.246577610807889,-1.6637515801483973,-6.712447780748499,-1.6724979492745884,-9.454094245971625,-2.446249645684136,-5.057178787126077,6.580824834580026,6.059296877004242,6.128729166333341,4.812151522887309,3.880987050408999,4.212611899006336,2.678813161977084,4.055233328320666,4.957171606589081,2.6809310426465993,4.1318100755080795,-2.3900246381213663,4.485934005416123,0.3547180600876782,4.84222115884272,3.1375812129834264,3.5514880948987937,3.0374778108916436,1.2310291133520141,2.2084241891112644,6.67325678664254,-5.318600779907284,-4.404997697598353,-5.4428124314638895,-3.6306299862972247,-5.201734683563011,-3.14575662469554,-5.549460205957172,-3.5390510154014665,-6.176318380609337,-5.076632952925659,-3.1565278683884546,-4.614190577238773,-5.207705850353323,-0.9072729543826497,-1.5138782596552214,-4.856902851644125,-4.307200067833341,2.23256130475851,8.656193432754586,-0.8687259263451296,3.642286592989191
