0,1,2,3,4,5,6,7,8,9,10,11,12,13,14,15,16,17,18,19,20,21,22,23,24,25,26,27,28,29,30,31,32,33,34,35,36,37,38,39,40,41,42,43,44,45,46,47,48,49,50,51,52,53,54,55,56,57,58,59,60
3.4947406119657254,3.2451727925817986,3.812293480308408,2.877758453264234,3.1272894317410707,-0.500349552814911,-0.06816527860744674,-0.689482922626698,0.26886460511131727,-1.1008835205471348,-0.0756253946616096,-0.4588992520261694,-0.6434310930618501,-0.5039104512587871,-0.5986652586809024,-0.08231563425649825,0.2254580041562014,-0.6109300280175735,-1.7400041486737725,1.7508696604191158,1.858908425144922,1.5836954662514808,2.1994957186512596,1.196807599166007,2.3107606413600594,1.2667588065057076,0.3568812974294384,0.6273001594565,0.52058426067889,0.40278169440759704,0.6369543386500363,0.4755142151074604,0.8293792248409999,0.6292547930752967,5.656217014832049,5.679030082366109,5.803384731253271,-0.892155871652519,0.11689763821826452,1.7612627434953856,-1.5936277050046426,-1.6281631504600138,-1.6944288446027098,-1.009253187999247,-1.003391871813621,-0.8758224065294142,-0.8900446591843705,-1.1337879560474617,-1.0512310495988963,-1.2094819340136707,-0.9373792654324,-1.2985394424032102,-1.2967455804174681,-0.3631802827965268,0.17783290030074375,-1.409469284723933,-0.9320907019609884,-0.5212538583807351,-0.2073924348945453,-1.2008712326381081,-1.301836865312063
3.2451727925817986,3.5525682095496847,2.986783832411558,1.6844233703815172,3.0466757941543205,-0.6520933405037792,0.06715652668791836,-1.1524041806064675,0.4693942658739625,-1.0817980243170913,-0.0960513179640521,-0.5568844634847493,-0.5778479768189537,-0.7101267351597467,-0.580727371921547,-0.8761951813540252,0.18182348778168567,-0.5647589375011913,-1.7675606403908628,1.5836065072244692,1.8676164696439326,1.3851232587884281,2.442156353720441,1.2118502906431352,2.7797905084112995,0.9197172373618947,-0.13270746834225072,0.4466012700773846,0.5856606893859301,0.2044973455489798,0.7086471835478622,0.4772184963291951,1.0710704259024773,0.5254374446963455,5.300900120262752,4.715984855813114,5.350677234834775,-0.7834272660228182,-0.41303146931483,1.6924581328946333,-1.7887573895615825,-1.701030946337618,-1.8740747680269665,-0.9954557842150499,-0.9355777100152722,-0.9145504279548218,-0.8461843243455751,-1.1532754876957023,-1.0273320700407262,-1.4773729677413634,-0.9047024050125853,-1.305794534217699,-1.3647556195199124,-2.0923742612826324,-0.5330238298937406,-1.4489620062382482,-0.9345578954414568,-0.5724920551185888,-0.06327647381435758,-1.4626211233992237,-1.088929115912846
3.812293480308408,2.986783832411558,5.425393276167845,5.359449155240657,3.2104578140767646,-0.23428510697284202,-0.295003875255143,-0.09192746174894698,0.0014280061847757092,-1.2695005337207543,0.11299477705345709,-0.36817273812389684,-0.7410518897811921,-0.26175708450646973,-0.6545966904994878,1.2758634747102127,0.39215765258511465,-0.6950996440078248,-0.9091404518470556,1.9171079880215742,1.8198123237051682,1.8417699946799047,2.0330835013102795,1.1008444023862825,1.840784209599255,2.1466636197963114,1.7510819248641714,0.7881848721840191,0.4759434734064616,0.6981544148919382,0.7834820452643809,0.45317484180648404,0.851774690612931,0.648996141373674,6.7012791079908505,7.936457357155619,6.991092146741,-1.4019128928414133,0.7687817697782285,1.7675318524619656,-1.5013616521460607,-1.513394866968087,-1.5370253618855647,-1.0993798956709822,-1.100625106663971,-0.9751870103450259,-1.0331584739915898,-1.4273423602777577,-1.2699623052135343,-0.9576487158514789,-0.8953878967733947,-1.3738103544343117,-1.1867069249887392,1.6888108449280443,1.2120487588872961,-1.371251568872145,-0.9073081187915155,-0.8061561992032147,-0.7776869864210053,-0.8950560031039829,-1.7558497587600044
2.877758453264234,1.6844233703815172,5.359449155240657,7.356406730934004,2.2847916187540074,-0.06301676235490636,-0.21088983561323082,0.2697684091736661,-0.07977365167352408,-0.9766150938843311,0.43713964801312033,-0.3818790631694492,-0.519045362869663,-0.3670626041970713,-0.41525153935812925,1.5123338216841915,0.5496195948647744,-0.5670659698211612,0.32539095439446786,1.3689463242225788,1.0931528162321493,1.2675709226391483,1.0116054613264271,0.637307560824584,0.5297327393892183,3.0444482161511495,4.063344850511335,0.4172457397709027,0.3603289810753596,0.3652520316257417,0.8427095631813235,-0.27750143656292026,0.8835620886159143,0.47801374060692325,5.995405930617944,8.282808301318937,5.940647940131246,-0.5814477362102249,1.5392735878669328,1.2144523316984022,-0.32959214728453706,-0.2523379039936422,-0.2108142431517503,-0.8657415229116329,-0.7030129239803228,-0.900826549172172,-0.6771497926837895,-1.4376547411830787,-0.777689250283274,-0.15324342004708597,-0.06445502106646724,-0.8055230716093965,-0.36906028526454127,2.6593845219740033,2.29812616014496,-0.6194960784983606,-0.5532171738821744,-0.505307200265607,-0.12144633633291847,-0.8095639422037478,-1.1551485918297804
3.1272894317410707,3.0466757941543205,3.2104578140767646,2.2847916187540074,2.8470885159999773,-0.5060234576272264,-0.0069422981692350855,-0.7652307298882012,0.3051142658828945,-0.9617595453507835,-0.07991724489179541,-0.46662743770306314,-0.5624349455690263,-0.5718703978705487,-0.5324276414389827,-0.35079662251916943,0.19398629698453884,-0.545261560947932,-1.657412303795593,1.555246020468451,1.6984913325649795,1.3783873228900334,2.0539496821812375,1.0969535814105171,2.2175232727826875,1.046310798046257,0.15792909580580416,0.5106444527375872,0.5024397955823544,0.2760693519005786,0.5975640460075056,0.3761425751235942,0.8011450281248914,0.5581425758024687,5.062335976611368,4.883049089980177,5.1206894680470505,-0.7174304622466403,-0.034944693839207897,1.602560780164699,-1.480579377837386,-1.474298276315649,-1.5622560061719912,-0.9186383208006703,-0.8877861150106087,-0.8175434234866145,-0.7840587673722671,-1.044582255888976,-0.9228838400206693,-1.184174240415763,-0.824869688358947,-1.1776957258349274,-1.1889149616585104,-0.8579065628076975,-0.018789072787540672,-1.285969311419337,-0.850098068069875,-0.45903301342634567,-0.05729521770860506,-1.2052907610964294,-1.086689738404114
-0.500349552814911,-0.6520933405037792,-0.23428510697284202,-0.06301676235490636,-0.5060234576272264,0.27402758562999563,-0.09407812358791838,0.45335321159403374,-0.1969349396726673,0.3092841963018004,0.03422807657687637,0.12784662106580486,0.07457441051146226,0.1501932750820684,0.09242947821639325,0.7292067092565594,0.03269871691967583,0.07657981412084121,0.5937810999475828,-0.20474759534887277,-0.3102577059625468,-0.130869813277548,-0.4324225341398534,-0.26388385415197996,-0.5598347796627846,-0.20889126018902293,-0.2126624569197682,0.027715124828564926,-0.0842881628725921,0.09727187161540306,-0.07872248715451906,-0.061978237525078646,-0.3050341200759842,-0.08159547747251619,-0.7604618728130944,-0.4605002731853202,-0.7773238085165937,-0.26517442883159387,0.08976039629428016,-0.27627284981125855,0.04206954307888305,0.0908862918852803,0.08461787718642275,0.1383626225818684,0.10781497791901849,0.13326333510263438,0.08246335496417169,0.10690908534923645,0.046189008129435466,0.13644068078359026,0.037238444816768475,0.10765243312604567,0.1492609960077342,0.8170361766379963,0.19073726284220383,0.14735072025724735,0.1651351539165213,-0.1019355931150616,-0.2729688363699318,0.4508988868688773,0.0039029091884038797
-0.06816527860744674,0.06715652668791836,-0.295003875255143,-0.21088983561323082,-0.0069422981692350855,-0.09407812358791838,0.09572371302462095,-0.20453994717381344,0.11318919368296244,0.02960270820502341,0.012389719298445113,-0.06967580778472351,0.03464951725125579,-0.1370323752347466,0.02407799370168515,-0.43050385667957797,0.007411107325493924,0.010971488662567957,-0.06643997492388272,-0.056598401840876375,-0.004598325311666321,-0.10130517341404069,0.025872813213723884,0.020098502316389846,0.0841325108179326,0.003308393966126127,0.09122208312663865,-0.0954588449239861,0.035285156545986775,-0.1368188929481391,0.032559494860890714,-0.08976517241886604,0.10182680716036274,-0.010425452202859292,-0.08051693577369122,-0.2642503034037412,-0.1890064818361671,0.2568827997364252,-0.07291203184914044,-0.0006636811757850743,0.06057096413994126,0.08374640637823912,0.06478269656976521,0.0008254489179568514,0.04122271071088907,-0.021475346807214295,0.05238055247598832,0.00209511410921364,0.08429115660131822,-0.019799832075293938,0.09106777313726006,0.03777002704579313,0.027332041916297824,-0.6132329669275314,-0.14909273917946148,0.028323835351355398,-0.004429065040510496,0.09937163417354998,0.3007471692668021,-0.1751883586793229,0.18473956464456948
-0.689482922626698,-1.1524041806064675,-0.09192746174894698,0.2697684091736661,-0.7652307298882012,0.45335321159403374,-0.20453994717381344,0.8810614091355744,-0.40503073351645486,0.421052865917371,0.01624244189682088,0.24875796337892783,0.09243722022198286,0.3284692566032989,0.132185756914888,1.3359430822277123,-0.002973685958675643,0.11379327311054883,0.6559046268220959,-0.26638069805325054,-0.5063145541866437,-0.14475378352135287,-0.8116247320885461,-0.4070843525174706,-1.08542949204415,-0.24195506755645158,-0.22485407385686734,0.09606653650007818,-0.19194952631364318,0.1979624167396215,-0.22659752872820735,-0.11005496273534315,-0.6269076061801706,-0.08192781945568642,-1.1295910994460794,-0.4969037012906981,-1.0875925380284497,-0.33136829744004465,0.32863469466260625,-0.4137541393916123,0.30502306935279555,0.2889648051154796,0.35964538003822716,0.242702105878406,0.16604158043837422,0.2532527521283592,0.1348722545991115,0.23218673669891712,0.11935861527395628,0.3771238212033658,0.07318214217368305,0.23892785730260643,0.31850454970987047,2.023615892819296,0.6044454274577071,0.3172999168699729,0.27229509649744604,-0.07066693485394257,-0.4602163449935984,0.7665672207209073,-0.04916944170473146
0.26886460511131727,0.4693942658739625,0.0014280061847757092,-0.07977365167352408,0.3051142658828945,-0.1969349396726673,0.11318919368296244,-0.40503073351645486,0.2367040852162808,-0.16145404102626834,0.029491030205583888,-0.09676790201201647,-0.03491714677973814,-0.09094286165531136,-0.04945745076837421,-0.5824343870449135,0.05521708161292175,-0.05136892730793264,-0.13048946610184028,0.10798080655089987,0.2249706561605207,0.0564702417909734,0.36066136220394657,0.19111499401560325,0.46999857340189793,0.1748315125877419,0.27825416530293107,-0.029566802303810483,0.09804090390164913,-0.05137008708755708,0.1365976752865285,0.12974808240928512,0.32509878312721674,0.030642552155665696,0.45640730446533945,0.21836450703436647,0.44921490863875424,0.13963143792065014,-0.09182970770503779,0.17497534891167893,-0.2116490549537386,-0.21061173064005737,-0.2555485144045614,-0.10886027870421665,-0.0868763622045824,-0.08993092317427799,-0.060258029032755595,-0.06547859486823855,-0.06650162121643961,-0.14475910649635426,-0.0519629237153132,-0.12823691036532706,-0.1793112800545429,-0.928365598311281,-0.33534833164541095,-0.18282299044776837,-0.1322955980286909,0.057542447745797275,0.26352605729398815,-0.2901729199431601,0.05682113457218149
-1.1008835205471348,-1.0817980243170913,-1.2695005337207543,-0.9766150938843311,-0.9617595453507835,0.3092841963018004,0.02960270820502341,0.421052865917371,-0.16145404102626834,0.7087836064590058,0.029790584908552672,0.08903402069214446,0.22323116793051137,-0.05673782897988596,0.2362005914264392,0.36533272701632613,0.020197509923073394,0.18083032128871915,0.7214896814469494,-0.5030717135042682,-0.5907289565418131,-0.472431668011747,-0.7808746790932649,-0.45195895476535786,-0.8696485182242297,-0.6057447779112245,-0.6263597315692855,-0.1467911437136129,-0.09069449772367326,-0.14694603109466164,-0.1480565883931765,-0.35683215703710125,-0.470982138252335,-0.15509649976652648,-1.7843477452582592,-1.793973458202564,-2.0715559066110636,0.09324130615755177,-0.06421479040427042,-0.5068375840591031,0.23346618500684554,0.3575621021418786,0.31872085358518765,0.28556961298308076,0.30801910183359177,0.22834703663480518,0.29215525660634617,0.2553935005411498,0.31295853255383244,0.17763964217999473,0.24234724067276064,0.30674079012607286,0.3407827855272372,0.15625619323227388,-0.028195498637620713,0.35264746202866115,0.3095878155171333,0.061451042369033926,0.16820322057449105,0.4635546983991502,0.4323734283782709
-0.0756253946616096,-0.0960513179640521,0.11299477705345709,0.43713964801312033,-0.07991724489179541,0.03422807657687637,0.012389719298445113,0.01624244189682088,0.029491030205583888,0.029790584908552672,0.11392199669635207,-0.007960095833171844,0.0223839666231747,0.010504502768669703,0.02983031023082161,0.10184994575925269,0.09163282035203711,0.000844222572906874,0.4569108644768118,-0.04869785180091825,-0.04432124699536009,-0.04611274821358232,-0.02862808227406496,-0.03696376228862206,-0.06377312819081728,0.24710363358241996,0.5502966124140354,-0.0353909885809013,0.025432304641917942,-0.0021563387154989707,0.11318427792358546,-0.04130082778840601,0.1429541102817474,-0.03364570313924777,0.07383249372327096,0.30846730114590243,0.06226789643820633,-0.040577376600538784,0.1576021986594303,-0.05013606444288754,-0.0058197772535837815,0.041706254646938716,0.009752822533734029,-0.005104184158450865,0.02147482747383477,-0.022659499153785463,0.012749685215933594,-0.0676824644581899,-0.00990981089381871,0.06365583605050622,0.08352006335063522,0.007679205128071053,0.04318192359633352,-0.01869938215110114,0.0717071656573489,0.023364973685596112,0.022819444922581446,-0.02764316368331977,0.03652728002020762,0.02635507429014593,0.03630829946410123
-0.4588992520261694,-0.5568844634847493,-0.36817273812389684,-0.3818790631694492,-0.46662743770306314,0.12784662106580486,-0.06967580778472351,0.24875796337892783,-0.09676790201201647,0.08903402069214446,-0.007960095833171844,0.1714827443580245,0.058889557421317636,0.31716819023548204,0.06106985707083881,0.3260475784149817,-0.048059953084837403,0.08480365805765108,0.24295630140617727,-0.20250290945977156,-0.2487910058739404,-0.13152954083090093,-0.32890719520100037,-0.14866296805532075,-0.3897032065138922,-0.19135600379495118,-0.07967492424966144,0.02222854889056166,-0.12419923236999937,0.11499081362831771,-0.15171851554828708,0.15198362681026978,-0.19639936575539524,-0.0782758373969231,-0.8754461873794765,-0.7549550720336436,-0.7094257747124075,-0.06713724661237633,0.08711963655112591,-0.2550278700645597,0.17449917214671176,0.09595409938280906,0.14070385954730116,0.1659923590779803,0.09398044703516448,0.20552286080252583,0.0821285797482518,0.2711485034017158,0.08027634240615217,0.2577362966207887,0.0077340008800059045,0.16464597239276274,0.12991039707955462,0.6366762682553957,0.004926967394473275,0.1572143141177168,0.12191146758635298,0.06268491521727385,-0.22320869009466077,0.3817452105214974,0.038300929628551986
-0.6434310930618501,-0.5778479768189537,-0.7410518897811921,-0.519045362869663,-0.5624349455690263,0.07457441051146226,0.03464951725125579,0.09243722022198286,-0.03491714677973814,0.22323116793051137,0.0223839666231747,0.058889557421317636,0.12958905841538867,0.03498502117501254,0.1208137115043771,-0.08394629125987416,-0.04289476683257061,0.11437735533365617,0.2772926216314419,-0.3297188246273041,-0.3421383085496586,-0.3165458122168209,-0.4073836501954581,-0.21479712729941225,-0.41733498812464564,-0.21656290373901746,-0.022260717039020116,-0.14464164202575178,-0.08281264918022922,-0.12394582557191011,-0.10453003459752913,-0.15112077042692504,-0.13366118821848652,-0.11345781651840557,-1.024181797159882,-1.0575847623092653,-1.09010208392969,0.23725255353070865,-0.015875962528729904,-0.31636069015883284,0.33561528576066274,0.35284420664917476,0.3622015657170651,0.18652666862651954,0.2020012841111429,0.14877825554875213,0.18322252895862,0.19316894695898618,0.224760632980543,0.22105659230022584,0.2121412455222249,0.25833339530995825,0.2633436854483421,-0.07104749153437095,-0.04177236081522771,0.2827675565704962,0.1758669262373769,0.12411299212723956,0.1322947984119177,0.16008031027240782,0.2926849438903052
-0.5039104512587871,-0.7101267351597467,-0.26175708450646973,-0.3670626041970713,-0.5718703978705487,0.1501932750820684,-0.1370323752347466,0.3284692566032989,-0.09094286165531136,-0.05673782897988596,0.010504502768669703,0.31716819023548204,0.03498502117501254,0.694920489786263,0.04001175890761754,0.5493960322457409,-0.05031899431512023,0.09562193180993522,0.38149699834389555,-0.2060213414615529,-0.2526902358259595,-0.07370896290901376,-0.3320811056880159,-0.10991138164384331,-0.4279658426295939,-0.10147832659832579,0.20378312330467205,0.12150147104694632,-0.1914253861911334,0.32409118821204363,-0.1990182451770402,0.5032357536199823,-0.16246040958004218,-0.09810158004151483,-1.0718177095161032,-0.7880280686864183,-0.6187675836582913,-0.22734056089676125,0.24914772752956113,-0.30867781737726757,0.1484302004421196,-0.051495767090981956,0.03201372184079509,0.2123529743113259,0.051072594867637086,0.3324840423844667,0.043728605114406315,0.45663246682474673,0.011461015379992279,0.44136853952405847,-0.1092849484355286,0.17387582520582068,0.07769249244818142,1.158068881802063,-0.05492439511254909,0.12306601065473889,0.11025288940281237,0.1019008444466212,-0.4821446478595681,0.6329659268500882,-0.07945941396293611
-0.5986652586809024,-0.580727371921547,-0.6545966904994878,-0.41525153935812925,-0.5324276414389827,0.09242947821639325,0.02407799370168515,0.132185756914888,-0.04945745076837421,0.2362005914264392,0.02983031023082161,0.06106985707083881,0.1208137115043771,0.04001175890761754,0.1190287323309216,0.0034429240274300795,-0.02563919807053972,0.1049886552077332,0.3110279972076429,-0.30032655212538834,-0.32549904971745025,-0.28629379400061294,-0.4066737055576014,-0.21059835942484242,-0.43584224243277603,-0.189062388368788,-0.0008163937521282411,-0.12035511247598658,-0.07673951012169918,-0.10190993360026707,-0.09460766650025149,-0.15278360620309434,-0.1480168082169206,-0.09863071087979908,-0.9575443765386432,-0.9393716696598733,-1.0232036220629284,0.1963924715052,0.031664655277798014,-0.2945357432981907,0.30718384616801653,0.32257706379227136,0.332917120326382,0.17407713382353046,0.18636750910801578,0.14183225244579484,0.17180986936799972,0.17830640142784832,0.20874367935613325,0.2188985297938656,0.19596652020344432,0.2375993420339825,0.24816461646936477,0.052525898112671145,0.008484003919289712,0.26236894835642643,0.1682564946450212,0.11490740742857733,0.12045459653661664,0.1833306074868912,0.26424012888091053
-0.08231563425649825,-0.8761951813540252,1.2758634747102127,1.5123338216841915,-0.35079662251916943,0.7292067092565594,-0.43050385667957797,1.3359430822277123,-0.5824343870449135,0.36533272701632613,0.10184994575925269,0.3260475784149817,-0.08394629125987416,0.5493960322457409,0.0034429240274300795,2.768155700013548,0.23311599118350596,-0.03036903110403639,1.4647292080900045,0.12081611641211522,-0.22579649343643288,0.3556908249483399,-0.49631042464290565,-0.3597454013181023,-0.9502612877557456,0.06686876469398964,-0.17491205757808612,0.4615343152704411,-0.115669586224592,0.687156899932195,-0.006513069924465109,0.22655310185665192,-0.6320636239408721,0.0018377396543857853,0.04519340286122241,1.3652354900680486,0.25016571165346796,-1.4427784573767353,0.5290476789744613,-0.1771393315180126,-0.5453513342013142,-0.47704032001367136,-0.48503973554375995,0.011109593164368848,-0.14102713009466303,0.09907322625087231,-0.18387067436024088,-0.09777031388348922,-0.39831807094217725,0.0765792040942042,-0.3529571177466603,-0.2353840423605475,-0.09073073743082584,3.3358694084983718,0.9521123318354346,-0.15241901066227587,0.12569471014244682,-0.6082727403892563,-1.3026492229197137,1.1741766804348135,-0.7541067818102093
0.2254580041562014,0.18182348778168567,0.39215765258511465,0.5496195948647744,0.19398629698453884,0.03269871691967583,0.007411107325493924,-0.002973685958675643,0.05521708161292175,0.020197509923073394,0.09163282035203711,-0.048059953084837403,-0.04289476683257061,-0.05031899431512023,-0.02563919807053972,0.23311599118350596,0.15769270858988016,-0.06271230912002175,0.43097851328110753,0.12679324765774724,0.12998573752599818,0.12531610666330714,0.1700638473074675,0.04595179249974257,0.1292542853302438,0.25298938437797835,0.33050301945229543,0.06624769537777214,0.0890172799407866,0.08065768705843578,0.17845526011263546,0.04077501566892935,0.15066410902707852,0.03264927090621272,0.5346450930056942,0.7428295005479825,0.47980230953002057,-0.23373643868680724,0.09931430150662354,0.11820521701710288,-0.33628607787837217,-0.26483305296877324,-0.32828805491157004,-0.11914089414343074,-0.10212990807451296,-0.10758614394055288,-0.09084881549490723,-0.17553368554212384,-0.15167482311378283,-0.13763138806165243,-0.07771939921589453,-0.18778010045196686,-0.15747336041668733,-0.019007515631650717,0.04914955299001389,-0.19404647230710326,-0.07676201878679884,-0.13281195250017055,-0.014012485906632927,-0.000513352234234844,-0.11467999537300916
-0.6109300280175735,-0.5647589375011913,-0.6950996440078248,-0.5670659698211612,-0.545261560947932,0.07657981412084121,0.010971488662567957,0.11379327311054883,-0.05136892730793264,0.18083032128871915,0.000844222572906874,0.08480365805765108,0.11437735533365617,0.09562193180993522,0.1049886552077332,-0.03036903110403639,-0.06271230912002175,0.11157617366465321,0.21107100663428777,-0.3080308761244835,-0.32458348629194905,-0.2817878003013804,-0.3885432310906761,-0.19997692084628843,-0.399280984656012,-0.24664283202766915,-0.10010899081210134,-0.11359318312493852,-0.09894862689739078,-0.07953782005842244,-0.1322346783279755,-0.083046446699496,-0.15773652683939782,-0.10796571763156856,-1.0235684155055271,-1.0618938905619315,-1.0330124033194037,0.18666490792341073,-0.024154759157772494,-0.30734279070079135,0.3195923006161549,0.3107003945362748,0.33240770442189266,0.18796792172708335,0.18300827819099383,0.1654822275874289,0.16372921584323227,0.22047012902145666,0.2004664139869769,0.22678092436696598,0.16726908960493006,0.24746677259571345,0.239685211436785,0.05643034789156935,-0.04671029308971336,0.2648554182214108,0.16610998222902384,0.11492368596470356,0.04467748204048694,0.19837761823186426,0.23837225731610254
-1.7400041486737725,-1.7675606403908628,-0.9091404518470556,0.32539095439446786,-1.657412303795593,0.5937810999475828,-0.06643997492388272,0.6559046268220959,-0.13048946610184028,0.7214896814469494,0.4569108644768118,0.24295630140617727,0.2772926216314419,0.38149699834389555,0.3110279972076429,1.4647292080900045,0.43097851328110753,0.21107100663428777,3.434742078022122,-0.8274244522726074,-0.9127059970660739,-0.6232157049925551,-0.9236281185977311,-0.7843182097156114,-1.1959055508809222,0.14181578552979884,1.187451935359958,-0.16240176485120392,-0.09566193855992099,0.16499902641053033,0.24943594829326626,-0.09287160041208421,0.05108131494825355,-0.40365486498894065,-2.016753888507608,-0.9076009900375792,-2.1198453021968824,-0.6765557915411197,0.3440129855964115,-0.9403121053698718,-0.1678974181939938,0.15991794404917548,-0.04510751210880282,0.2865040720747724,0.3309903683058575,0.21368262125033602,0.22889280904232867,0.05775079828499398,0.04376773860381051,0.40484826582131217,0.360279360180019,0.21312350489294032,0.3726327455457406,0.6956409008006932,0.23627271501879293,0.31174004226275637,0.4287397506353819,-0.3737517920339406,-0.5020675755209042,1.0790530818665185,0.2233818623238021
1.7508696604191158,1.5836065072244692,1.9171079880215742,1.3689463242225788,1.555246020468451,-0.20474759534887277,-0.056598401840876375,-0.26638069805325054,0.10798080655089987,-0.5030717135042682,-0.04869785180091825,-0.20250290945977156,-0.3297188246273041,-0.2060213414615529,-0.30032655212538834,0.12081611641211522,0.12679324765774724,-0.3080308761244835,-0.8274244522726074,0.8978107582463295,0.9355133447616334,0.8284243154987962,1.0861106666797193,0.5906404675908021,1.1211665353163573,0.564807344776436,0.023890998019891897,0.3643827903504364,0.2576931409418545,0.2616526442872715,0.3055060462149454,0.29095016618535197,0.3470091757617927,0.3250183801338726,2.777335524458306,2.806281459644823,2.8676148835219966,-0.5562902969536645,0.06376545258107363,0.8864310090386007,-0.892812123196708,-0.9159581385151013,-0.952144740919269,-0.5050246927982834,-0.5242227276246684,-0.4177191017892377,-0.4613610415971263,-0.5424200851977304,-0.558840564676053,-0.6279383897590202,-0.5342847115181463,-0.6855093195280623,-0.6948538335659631,-0.0074966797940818515,0.0781806815836141,-0.7510048080345666,-0.47054740038102394,-0.28903490372485974,-0.17674432259774933,-0.5053269572533423,-0.6986628977430454
1.858908425144922,1.8676164696439326,1.8198123237051682,1.0931528162321493,1.6984913325649795,-0.3102577059625468,-0.004598325311666321,-0.5063145541866437,0.2249706561605207,-0.5907289565418131,-0.04432124699536009,-0.2487910058739404,-0.3421383085496586,-0.2526902358259595,-0.32549904971745025,-0.22579649343643288,0.12998573752599818,-0.32458348629194905,-0.9127059970660739,0.9355133447616334,1.0567529279703092,0.8448270244094808,1.3158164837825799,0.6889263963538864,1.4426026706110768,0.5587119846059525,0.002519876662220331,0.33924219871750066,0.30860153371264326,0.22831182677487116,0.37303360847718414,0.3717225317304066,0.5284031275913713,0.3243488117806771,2.9359842647500045,2.7555310999268867,3.0497379131744986,-0.5413277203610782,-0.06301257572540767,0.9634080959434047,-1.04003843561286,-1.0498024490028446,-1.1217018715839027,-0.551214748630544,-0.5604444510794493,-0.4608820959175733,-0.49343982145653414,-0.5756124179352435,-0.6047009760099843,-0.7452111413205583,-0.5779672294331263,-0.751941875727275,-0.7998290833857253,-0.6649776428128437,-0.20385364842073384,-0.8492230503633044,-0.5331795506817539,-0.2923483640458549,-0.11011033621672396,-0.658545104975749,-0.6814943043707367
1.5836954662514808,1.3851232587884281,1.8417699946799047,1.2675709226391483,1.3783873228900334,-0.130869813277548,-0.10130517341404069,-0.14475378352135287,0.0564702417909734,-0.472431668011747,-0.04611274821358232,-0.13152954083090093,-0.3165458122168209,-0.07370896290901376,-0.28629379400061294,0.3556908249483399,0.12531610666330714,-0.2817878003013804,-0.6232157049925551,0.8284243154987962,0.8448270244094808,0.8006791215494432,0.9833786834184765,0.5195375348998472,0.988424403850114,0.4916366760963815,-0.037501604333275665,0.3897203160996677,0.21340628086487645,0.33881089688774,0.2664997076385697,0.3735565480598604,0.27793937461569707,0.28729425064425007,2.49543076139255,2.612005086510063,2.654924058873946,-0.6852472735284254,0.07087063465789499,0.7852530050805486,-0.9039087009441924,-0.9358077633432643,-0.968950720129689,-0.4563508068685368,-0.5049258343791493,-0.35454590575313394,-0.4541187997671743,-0.4728561053136212,-0.5729561388833655,-0.5674901190741238,-0.5593515475510855,-0.6589802558274424,-0.6732787071402451,0.281504671293643,0.08943182573851363,-0.7231006075256212,-0.4276760214667735,-0.33163928508430784,-0.3584728133625158,-0.32343680376508815,-0.7406526852878115
2.1994957186512596,2.442156353720441,2.0330835013102795,1.0116054613264271,2.0539496821812375,-0.4324225341398534,0.025872813213723884,-0.8116247320885461,0.36066136220394657,-0.7808746790932649,-0.02862808227406496,-0.32890719520100037,-0.4073836501954581,-0.3320811056880159,-0.4066737055576014,-0.49631042464290565,0.1700638473074675,-0.3885432310906761,-0.9236281185977311,1.0861106666797193,1.3158164837825799,0.9833786834184765,1.771886546284664,0.851847860513216,2.0144387266347112,0.6372307100516676,-0.02483800168438625,0.35747237090047423,0.40704326330588914,0.25246013717442056,0.5323260670313003,0.5250517940569336,0.8310086134506766,0.33815456839229263,3.5616424871767376,3.194949035940021,3.722395994082064,-0.7433834734684749,-0.2687385510657144,1.1457216197414941,-1.426599190331094,-1.3771237733719564,-1.5234395382871135,-0.6898221504298696,-0.6829335485326212,-0.5979253879371395,-0.6226125183158182,-0.7541308375278903,-0.7951970316917182,-1.0251069110724718,-0.716096529813424,-0.9612345920989628,-1.037387826883683,-1.4745027462695768,-0.5285024213226807,-1.0916549821332056,-0.6653565643801915,-0.44815913654159334,-0.21008784649629153,-0.8765640474678014,-0.8271254690797555
1.196807599166007,1.2118502906431352,1.1008444023862825,0.637307560824584,1.0969535814105171,-0.26388385415197996,0.020098502316389846,-0.4070843525174706,0.19111499401560325,-0.45195895476535786,-0.03696376228862206,-0.14866296805532075,-0.21479712729941225,-0.10991138164384331,-0.21059835942484242,-0.3597454013181023,0.04595179249974257,-0.19997692084628843,-0.7843182097156114,0.5906404675908021,0.6889263963538864,0.5195375348998472,0.851847860513216,0.4927232671466902,0.9559172198287027,0.402480898069623,0.1492950375084582,0.19699303877056493,0.18211345035597412,0.12558647225224495,0.2074221775737558,0.28840522398531493,0.38167397315461055,0.21088731601197774,1.827403902498715,1.6486634441024828,1.9584022433813582,-0.19217706131454063,-0.0025931403570921183,0.6231853583462602,-0.5447488118510607,-0.6086118498840001,-0.6263412903077674,-0.32959112376346505,-0.34681684412323754,-0.25764212176526524,-0.2946462076659517,-0.2891162135071891,-0.3391654387398152,-0.3931945788420778,-0.34754049726003206,-0.4263731997854233,-0.48583858071663416,-0.5120094344390378,-0.19367806461040454,-0.5051906265234909,-0.3496057270971813,-0.07780629358739762,0.03024913851129709,-0.47723030265825617,-0.37268634329724754
2.3107606413600594,2.7797905084112995,1.840784209599255,0.5297327393892183,2.2175232727826875,-0.5598347796627846,0.0841325108179326,-1.08542949204415,0.46999857340189793,-0.8696485182242297,-0.06377312819081728,-0.3897032065138922,-0.41733498812464564,-0.4279658426295939,-0.43584224243277603,-0.9502612877557456,0.1292542853302438,-0.399280984656012,-1.1959055508809222,1.1211665353163573,1.4426026706110768,0.988424403850114,2.0144387266347112,0.9559172198287027,2.3788960313287304,0.5234323296678892,-0.2674331101954885,0.31524059169159696,0.45403129580918805,0.1797083704324654,0.5653824632125908,0.5732869537734939,0.9750572401314713,0.3398940898173904,3.6794887126516107,2.9797928903817743,3.843537467133033,-0.6831509146749236,-0.4875224597739126,1.230748755056983,-1.5441326491101734,-1.4801060236444692,-1.657148478453697,-0.7286374427994258,-0.7076168482297189,-0.643640560738392,-0.6455620371192747,-0.7814837510176966,-0.8192767955670608,-1.1812264748789363,-0.7593694352556702,-1.0128673065433194,-1.134635765115739,-2.2676227857966915,-0.8610674416104055,-1.1738428412106527,-0.7256802966857242,-0.44445281354375044,-0.12894821288103064,-1.0825794132965578,-0.7927914724524094
1.2667588065057076,0.9197172373618947,2.1466636197963114,3.0444482161511495,1.046310798046257,-0.20889126018902293,0.003308393966126127,-0.24195506755645158,0.1748315125877419,-0.6057447779112245,0.24710363358241996,-0.19135600379495118,-0.21656290373901746,-0.10147832659832579,-0.189062388368788,0.06686876469398964,0.25298938437797835,-0.24664283202766915,0.14181578552979884,0.564807344776436,0.5587119846059525,0.4916366760963815,0.6372307100516676,0.402480898069623,0.5234323296678892,1.5201626102283823,2.2985937863008177,0.10498098565636076,0.1884907367471486,0.10419682624877492,0.44487289442702294,0.027653561290458713,0.7125909103369975,0.18356689078332425,2.638075147627666,3.482820778033958,2.711917476560615,-0.02433734698285005,0.6846364803553032,0.5542627367124867,-0.11800850808482526,-0.13147325864435508,-0.1260380835233942,-0.3884986662377314,-0.3095451625500575,-0.3865422449963408,-0.28610466555327607,-0.5659128483147791,-0.3168910203551527,-0.0025604317600400345,0.014468294925969814,-0.33050894358298216,-0.20011872306863573,0.4050685225016018,0.6931894195333802,-0.29745822940625255,-0.2975534021055673,-0.07811490181659778,0.16946536702220286,-0.5358809434087406,-0.3716500158978694
0.3568812974294384,-0.13270746834225072,1.7510819248641714,4.063344850511335,0.15792909580580416,-0.2126624569197682,0.09122208312663865,-0.22485407385686734,0.27825416530293107,-0.6263597315692855,0.5502966124140354,-0.07967492424966144,-0.022260717039020116,0.20378312330467205,-0.0008163937521282411,-0.17491205757808612,0.33050301945229543,-0.10010899081210134,1.187451935359958,0.023890998019891897,0.002519876662220331,-0.037501604333275665,-0.02483800168438625,0.1492950375084582,-0.2674331101954885,2.2985937863008177,4.5949643603059425,-0.20716257795112938,0.0470760870691741,-0.0649444426446842,0.47944636559413883,-0.13380751514403824,1.0325914974500823,-0.024045016480843222,1.6283397676277456,3.175910180638741,1.798351856994984,0.6839519854949805,1.358932359760697,0.026080650761437202,0.8581609976832918,0.7723153390730964,0.8480892327477818,-0.11941807095642598,0.01711974504811791,-0.17255905889416784,0.009252237928507757,-0.3077832307018721,0.0744527033493238,0.8514744536323339,0.627293645493861,0.2077208315926364,0.4093553789184821,0.7451027074229306,1.0874030229177567,0.303899420774196,-0.03705742136741889,0.3249817412393319,0.6113473765274098,-0.3948186690310914,0.16119120103261889
0.6273001594565,0.4466012700773846,0.7881848721840191,0.4172457397709027,0.5106444527375872,0.027715124828564926,-0.0954588449239861,0.09606653650007818,-0.029566802303810483,-0.1467911437136129,-0.0353909885809013,0.02222854889056166,-0.14464164202575178,0.12150147104694632,-0.12035511247598658,0.4615343152704411,0.06624769537777214,-0.11359318312493852,-0.16240176485120392,0.3643827903504364,0.33924219871750066,0.3897203160996677,0.35747237090047423,0.19699303877056493,0.31524059169159696,0.10498098565636076,-0.20716257795112938,0.25650999381726053,0.061869807760327036,0.27282753646784036,0.06801167754084655,0.2955845732037583,-0.001775033637349459,0.1279050493965061,0.87228314365329,0.9909693714561547,1.0222594539681331,-0.47789723548347574,0.07563613305319093,0.30788217218103375,-0.4975711815691354,-0.5469694477948586,-0.5523043048235823,-0.17069141008017266,-0.2431678524853421,-0.08299138038920367,-0.2136482419092172,-0.11283328633895745,-0.29112745353389624,-0.21682425810187864,-0.34556943328789713,-0.31155400625457863,-0.3422354592380374,0.5442123459316534,0.03467896848130102,-0.35817941656246605,-0.17608225515707787,-0.16949431996283956,-0.32252437939195217,0.07676470223215738,-0.40115501270247583
0.52058426067889,0.5856606893859301,0.4759434734064616,0.3603289810753596,0.5024397955823544,-0.0842881628725921,0.035285156545986775,-0.19194952631364318,0.09804090390164913,-0.09069449772367326,0.025432304641917942,-0.12419923236999937,-0.08281264918022922,-0.1914253861911334,-0.07673951012169918,-0.115669586224592,0.0890172799407866,-0.09894862689739078,-0.09566193855992099,0.2576931409418545,0.30860153371264326,0.21340628086487645,0.40704326330588914,0.18211345035597412,0.45403129580918805,0.1884907367471486,0.0470760870691741,0.061869807760327036,0.13471117523230902,0.010124839951637942,0.18249964649030276,0.014280198178154034,0.21069940234153414,0.08590556647055576,0.9221832545709234,0.8609758139586073,0.8526259671796536,-0.15973047777900504,-0.04908510811849014,0.28597323241784145,-0.3836763972667556,-0.31923003641659964,-0.38104651317716354,-0.18503679689273628,-0.15299454794222345,-0.18339565232728539,-0.1343677309046602,-0.24831021461465397,-0.1779648051400662,-0.29383639104473663,-0.13109128406251158,-0.2491363918712143,-0.2425218216379214,-0.48946150677199846,-0.09946636649946243,-0.2694275441910134,-0.15416470551927125,-0.1230287087571656,0.06763005745543907,-0.2515406412254,-0.1446845237145898
0.40278169440759704,0.2044973455489798,0.6981544148919382,0.3652520316257417,0.2760693519005786,0.09727187161540306,-0.1368188929481391,0.1979624167396215,-0.05137008708755708,-0.14694603109466164,-0.0021563387154989707,0.11499081362831771,-0.12394582557191011,0.32409118821204363,-0.10190993360026707,0.687156899932195,0.08065768705843578,-0.07953782005842244,0.16499902641053033,0.2616526442872715,0.22831182677487116,0.33881089688774,0.25246013717442056,0.12558647225224495,0.1797083704324654,0.10419682624877492,-0.0649444426446842,0.27282753646784036,0.010124839951637942,0.3730292713141744,0.047653855444382144,0.44286651370798935,-0.007217740757884241,0.06697772233939249,0.5347030778709906,0.7932671905759032,0.8028834725513739,-0.6108390727533367,0.12004031637072114,0.1708282749622803,-0.5018515155858464,-0.5692446107883042,-0.5749180626622549,-0.10788634310205705,-0.21746646403823597,0.0027975612207895807,-0.20287787787943584,-0.013858285188026056,-0.31052022310137584,-0.10515225795834779,-0.3604042909215234,-0.269798531300646,-0.3136022169917736,0.8136697047515717,0.005789447106686353,-0.3216320401048429,-0.12748393372494748,-0.20112056172632697,-0.5207785700818499,0.29079689964882766,-0.42900462205266676
0.6369543386500363,0.7086471835478622,0.7834820452643809,0.8427095631813235,0.5975640460075056,-0.07872248715451906,0.032559494860890714,-0.22659752872820735,0.1365976752865285,-0.1480565883931765,0.11318427792358546,-0.15171851554828708,-0.10453003459752913,-0.1990182451770402,-0.09460766650025149,-0.006513069924465109,0.17845526011263546,-0.1322346783279755,0.24943594829326626,0.3055060462149454,0.37303360847718414,0.2664997076385697,0.5323260670313003,0.2074221775737558,0.5653824632125908,0.44487289442702294,0.47944636559413883,0.06801167754084655,0.18249964649030276,0.047653855444382144,0.31954112662833023,0.037684293971441477,0.3932170602576766,0.07771296954932479,1.3033849282844607,1.4340466012855493,1.2441729116147386,-0.30447288299203357,0.032568786196430985,0.3280094140013298,-0.5262002308565995,-0.4088914217757355,-0.5121173296509612,-0.25107032043369915,-0.19788299170271353,-0.25898944789480827,-0.1891131752230957,-0.38428581062101735,-0.2748448644442165,-0.3391795197036595,-0.13170419512586654,-0.33425028465537,-0.2969713113521928,-0.5677698914291522,-0.058662418320529625,-0.3459421913257096,-0.18831735347552409,-0.22422444738905445,0.006769328707786176,-0.28236590292999014,-0.22161970814574025
0.4755142151074604,0.4772184963291951,0.45317484180648404,-0.27750143656292026,0.3761425751235942,-0.061978237525078646,-0.08976517241886604,-0.11005496273534315,0.12974808240928512,-0.35683215703710125,-0.04130082778840601,0.15198362681026978,-0.15112077042692504,0.5032357536199823,-0.15278360620309434,0.22655310185665192,0.04077501566892935,-0.083046446699496,-0.09287160041208421,0.29095016618535197,0.3717225317304066,0.3735565480598604,0.5250517940569336,0.28840522398531493,0.5732869537734939,0.027653561290458713,-0.13380751514403824,0.2955845732037583,0.014280198178154034,0.44286651370798935,0.037684293971441477,0.8095033252111471,0.18433851014283564,0.05720624974455658,0.46081042254969523,0.39529824007360903,0.9286584604503899,-0.5778901981820209,-0.03902564110257995,0.2301631002579194,-0.6678704215138958,-0.8265425417423228,-0.8358159416435198,-0.11691965003604646,-0.2841356455402556,0.06191973801028869,-0.25152618413584343,0.14047555559764047,-0.3739146377385486,-0.1426853539247407,-0.5087171702051901,-0.32603212440100005,-0.48640369110199355,0.20743416730735623,-0.4785669497713434,-0.4613513668624766,-0.219245440902071,-0.11857018645008116,-0.5304903157328078,0.23117199627411106,-0.42859509059624656
